"No.","Time","Source","Destination","Protocol","Length","Info"
"1","0.000000","fe80::c30c:0:0:2","ff02::1a","ICMPv6","64","RPL Control (DODAG Information Solicitation)"
"2","0.003289","fe80::c30c:0:0:2","ff02::1a","ICMPv6","64","RPL Control (DODAG Information Solicitation)"
"3","0.006556","fe80::c30c:0:0:2","ff02::1a","ICMPv6","64","RPL Control (DODAG Information Solicitation)"
"4","0.009841","fe80::c30c:0:0:2","ff02::1a","ICMPv6","64","RPL Control (DODAG Information Solicitation)"
"5","0.013110","fe80::c30c:0:0:2","ff02::1a","ICMPv6","64","RPL Control (DODAG Information Solicitation)"
"6","0.014536","fe80::c30c:0:0:6","ff02::1a","ICMPv6","64","RPL Control (DODAG Information Solicitation)"
"7","0.016373","fe80::c30c:0:0:2","ff02::1a","ICMPv6","64","RPL Control (DODAG Information Solicitation)"
"8","0.017825","fe80::c30c:0:0:6","ff02::1a","ICMPv6","64","RPL Control (DODAG Information Solicitation)"
"9","0.019647","fe80::c30c:0:0:2","ff02::1a","ICMPv6","64","RPL Control (DODAG Information Solicitation)"
"10","0.021092","fe80::c30c:0:0:6","ff02::1a","ICMPv6","64","RPL Control (DODAG Information Solicitation)"
"11","0.022943","fe80::c30c:0:0:2","ff02::1a","ICMPv6","64","RPL Control (DODAG Information Solicitation)"
"12","0.024377","fe80::c30c:0:0:6","ff02::1a","ICMPv6","64","RPL Control (DODAG Information Solicitation)"
"13","0.026238","fe80::c30c:0:0:2","ff02::1a","ICMPv6","64","RPL Control (DODAG Information Solicitation)"
"14","0.027646","fe80::c30c:0:0:6","ff02::1a","ICMPv6","64","RPL Control (DODAG Information Solicitation)"
"15","0.029494","fe80::c30c:0:0:2","ff02::1a","ICMPv6","64","RPL Control (DODAG Information Solicitation)"
"16","0.030909","fe80::c30c:0:0:6","ff02::1a","ICMPv6","64","RPL Control (DODAG Information Solicitation)"
"17","0.032770","fe80::c30c:0:0:2","ff02::1a","ICMPv6","64","RPL Control (DODAG Information Solicitation)"
"18","0.034183","fe80::c30c:0:0:6","ff02::1a","ICMPv6","64","RPL Control (DODAG Information Solicitation)"
"19","0.036065","fe80::c30c:0:0:2","ff02::1a","ICMPv6","64","RPL Control (DODAG Information Solicitation)"
"20","0.037479","fe80::c30c:0:0:6","ff02::1a","ICMPv6","64","RPL Control (DODAG Information Solicitation)"
"21","0.039320","fe80::c30c:0:0:2","ff02::1a","ICMPv6","64","RPL Control (DODAG Information Solicitation)"
"22","0.040774","fe80::c30c:0:0:6","ff02::1a","ICMPv6","64","RPL Control (DODAG Information Solicitation)"
"23","0.042587","fe80::c30c:0:0:2","ff02::1a","ICMPv6","64","RPL Control (DODAG Information Solicitation)"
"24","0.044030","fe80::c30c:0:0:6","ff02::1a","ICMPv6","64","RPL Control (DODAG Information Solicitation)"
"25","0.045861","fe80::c30c:0:0:2","ff02::1a","ICMPv6","64","RPL Control (DODAG Information Solicitation)"
"26","0.047306","fe80::c30c:0:0:6","ff02::1a","ICMPv6","64","RPL Control (DODAG Information Solicitation)"
"27","0.049148","fe80::c30c:0:0:2","ff02::1a","ICMPv6","64","RPL Control (DODAG Information Solicitation)"
"28","0.050601","fe80::c30c:0:0:6","ff02::1a","ICMPv6","64","RPL Control (DODAG Information Solicitation)"
"29","0.052423","fe80::c30c:0:0:2","ff02::1a","ICMPv6","64","RPL Control (DODAG Information Solicitation)"
"30","0.053856","fe80::c30c:0:0:6","ff02::1a","ICMPv6","64","RPL Control (DODAG Information Solicitation)"
"31","0.055718","fe80::c30c:0:0:2","ff02::1a","ICMPv6","64","RPL Control (DODAG Information Solicitation)"
"32","0.057123","fe80::c30c:0:0:6","ff02::1a","ICMPv6","64","RPL Control (DODAG Information Solicitation)"
"33","0.059014","fe80::c30c:0:0:2","ff02::1a","ICMPv6","64","RPL Control (DODAG Information Solicitation)"
"34","0.060397","fe80::c30c:0:0:6","ff02::1a","ICMPv6","64","RPL Control (DODAG Information Solicitation)"
"35","0.062279","fe80::c30c:0:0:2","ff02::1a","ICMPv6","64","RPL Control (DODAG Information Solicitation)"
"36","0.063684","fe80::c30c:0:0:6","ff02::1a","ICMPv6","64","RPL Control (DODAG Information Solicitation)"
"37","0.065536","fe80::c30c:0:0:2","ff02::1a","ICMPv6","64","RPL Control (DODAG Information Solicitation)"
"38","0.066959","fe80::c30c:0:0:6","ff02::1a","ICMPv6","64","RPL Control (DODAG Information Solicitation)"
"39","0.068801","fe80::c30c:0:0:2","ff02::1a","ICMPv6","64","RPL Control (DODAG Information Solicitation)"
"40","0.070254","fe80::c30c:0:0:6","ff02::1a","ICMPv6","64","RPL Control (DODAG Information Solicitation)"
"41","0.072077","fe80::c30c:0:0:2","ff02::1a","ICMPv6","64","RPL Control (DODAG Information Solicitation)"
"42","0.073550","fe80::c30c:0:0:6","ff02::1a","ICMPv6","64","RPL Control (DODAG Information Solicitation)"
"43","0.075372","fe80::c30c:0:0:2","ff02::1a","ICMPv6","64","RPL Control (DODAG Information Solicitation)"
"44","0.076815","fe80::c30c:0:0:6","ff02::1a","ICMPv6","64","RPL Control (DODAG Information Solicitation)"
"45","0.078627","fe80::c30c:0:0:2","ff02::1a","ICMPv6","64","RPL Control (DODAG Information Solicitation)"
"46","0.080072","fe80::c30c:0:0:6","ff02::1a","ICMPv6","64","RPL Control (DODAG Information Solicitation)"
"47","0.081894","fe80::c30c:0:0:2","ff02::1a","ICMPv6","64","RPL Control (DODAG Information Solicitation)"
"48","0.083337","fe80::c30c:0:0:6","ff02::1a","ICMPv6","64","RPL Control (DODAG Information Solicitation)"
"49","0.085168","fe80::c30c:0:0:2","ff02::1a","ICMPv6","64","RPL Control (DODAG Information Solicitation)"
"50","0.086613","fe80::c30c:0:0:6","ff02::1a","ICMPv6","64","RPL Control (DODAG Information Solicitation)"
"51","0.088434","fe80::c30c:0:0:2","ff02::1a","ICMPv6","64","RPL Control (DODAG Information Solicitation)"
"52","0.089908","fe80::c30c:0:0:6","ff02::1a","ICMPv6","64","RPL Control (DODAG Information Solicitation)"
"53","0.091729","fe80::c30c:0:0:2","ff02::1a","ICMPv6","64","RPL Control (DODAG Information Solicitation)"
"54","0.093163","fe80::c30c:0:0:6","ff02::1a","ICMPv6","64","RPL Control (DODAG Information Solicitation)"
"55","0.095026","fe80::c30c:0:0:2","ff02::1a","ICMPv6","64","RPL Control (DODAG Information Solicitation)"
"56","0.096430","fe80::c30c:0:0:6","ff02::1a","ICMPv6","64","RPL Control (DODAG Information Solicitation)"
"57","0.098322","fe80::c30c:0:0:2","ff02::1a","ICMPv6","64","RPL Control (DODAG Information Solicitation)"
"58","0.099704","fe80::c30c:0:0:6","ff02::1a","ICMPv6","64","RPL Control (DODAG Information Solicitation)"
"59","0.101587","fe80::c30c:0:0:2","ff02::1a","ICMPv6","64","RPL Control (DODAG Information Solicitation)"
"60","0.102970","fe80::c30c:0:0:6","ff02::1a","ICMPv6","64","RPL Control (DODAG Information Solicitation)"
"61","0.104873","fe80::c30c:0:0:2","ff02::1a","ICMPv6","64","RPL Control (DODAG Information Solicitation)"
"62","0.106265","fe80::c30c:0:0:6","ff02::1a","ICMPv6","64","RPL Control (DODAG Information Solicitation)"
"63","0.108137","fe80::c30c:0:0:2","ff02::1a","ICMPv6","64","RPL Control (DODAG Information Solicitation)"
"64","0.109562","fe80::c30c:0:0:6","ff02::1a","ICMPv6","64","RPL Control (DODAG Information Solicitation)"
"65","0.111413","fe80::c30c:0:0:2","ff02::1a","ICMPv6","64","RPL Control (DODAG Information Solicitation)"
"66","0.112858","fe80::c30c:0:0:6","ff02::1a","ICMPv6","64","RPL Control (DODAG Information Solicitation)"
"67","0.114700","fe80::c30c:0:0:2","ff02::1a","ICMPv6","64","RPL Control (DODAG Information Solicitation)"
"68","0.116123","fe80::c30c:0:0:6","ff02::1a","ICMPv6","64","RPL Control (DODAG Information Solicitation)"
"69","0.117974","fe80::c30c:0:0:2","ff02::1a","ICMPv6","64","RPL Control (DODAG Information Solicitation)"
"70","0.119409","fe80::c30c:0:0:6","ff02::1a","ICMPv6","64","RPL Control (DODAG Information Solicitation)"
"71","0.121261","fe80::c30c:0:0:2","ff02::1a","ICMPv6","64","RPL Control (DODAG Information Solicitation)"
"72","0.122673","fe80::c30c:0:0:6","ff02::1a","ICMPv6","64","RPL Control (DODAG Information Solicitation)"
"73","0.124536","fe80::c30c:0:0:2","ff02::1a","ICMPv6","64","RPL Control (DODAG Information Solicitation)"
"74","0.125949","fe80::c30c:0:0:6","ff02::1a","ICMPv6","64","RPL Control (DODAG Information Solicitation)"
"75","0.129236","fe80::c30c:0:0:6","ff02::1a","ICMPv6","64","RPL Control (DODAG Information Solicitation)"
"76","0.132510","fe80::c30c:0:0:6","ff02::1a","ICMPv6","64","RPL Control (DODAG Information Solicitation)"
"77","0.135797","fe80::c30c:0:0:6","ff02::1a","ICMPv6","64","RPL Control (DODAG Information Solicitation)"
"78","0.139072","fe80::c30c:0:0:6","ff02::1a","ICMPv6","64","RPL Control (DODAG Information Solicitation)"
"79","0.472357","fe80::c30c:0:0:9","ff02::1a","ICMPv6","64","RPL Control (DODAG Information Solicitation)"
"80","0.475646","fe80::c30c:0:0:9","ff02::1a","ICMPv6","64","RPL Control (DODAG Information Solicitation)"
"81","0.478913","fe80::c30c:0:0:9","ff02::1a","ICMPv6","64","RPL Control (DODAG Information Solicitation)"
"82","0.478991","fe80::c30c:0:0:5","ff02::1a","ICMPv6","64","RPL Control (DODAG Information Solicitation)"
"83","0.482198","fe80::c30c:0:0:9","ff02::1a","ICMPv6","64","RPL Control (DODAG Information Solicitation)"
"84","0.482280","fe80::c30c:0:0:5","ff02::1a","ICMPv6","64","RPL Control (DODAG Information Solicitation)"
"85","0.485467","fe80::c30c:0:0:9","ff02::1a","ICMPv6","64","RPL Control (DODAG Information Solicitation)"
"86","0.485547","fe80::c30c:0:0:5","ff02::1a","ICMPv6","64","RPL Control (DODAG Information Solicitation)"
"87","0.488730","fe80::c30c:0:0:9","ff02::1a","ICMPv6","64","RPL Control (DODAG Information Solicitation)"
"88","0.488832","fe80::c30c:0:0:5","ff02::1a","ICMPv6","64","RPL Control (DODAG Information Solicitation)"
"89","0.492004","fe80::c30c:0:0:9","ff02::1a","ICMPv6","64","RPL Control (DODAG Information Solicitation)"
"90","0.492101","fe80::c30c:0:0:5","ff02::1a","ICMPv6","64","RPL Control (DODAG Information Solicitation)"
"91","0.495300","fe80::c30c:0:0:9","ff02::1a","ICMPv6","64","RPL Control (DODAG Information Solicitation)"
"92","0.495364","fe80::c30c:0:0:5","ff02::1a","ICMPv6","64","RPL Control (DODAG Information Solicitation)"
"93","0.498595","fe80::c30c:0:0:9","ff02::1a","ICMPv6","64","RPL Control (DODAG Information Solicitation)"
"94","0.498638","fe80::c30c:0:0:5","ff02::1a","ICMPv6","64","RPL Control (DODAG Information Solicitation)"
"95","0.501851","fe80::c30c:0:0:9","ff02::1a","ICMPv6","64","RPL Control (DODAG Information Solicitation)"
"96","0.501934","fe80::c30c:0:0:5","ff02::1a","ICMPv6","64","RPL Control (DODAG Information Solicitation)"
"97","0.505127","fe80::c30c:0:0:9","ff02::1a","ICMPv6","64","RPL Control (DODAG Information Solicitation)"
"98","0.505229","fe80::c30c:0:0:5","ff02::1a","ICMPv6","64","RPL Control (DODAG Information Solicitation)"
"99","0.508422","fe80::c30c:0:0:9","ff02::1a","ICMPv6","64","RPL Control (DODAG Information Solicitation)"
"100","0.508485","fe80::c30c:0:0:5","ff02::1a","ICMPv6","64","RPL Control (DODAG Information Solicitation)"
"101","0.511677","fe80::c30c:0:0:9","ff02::1a","ICMPv6","64","RPL Control (DODAG Information Solicitation)"
"102","0.511761","fe80::c30c:0:0:5","ff02::1a","ICMPv6","64","RPL Control (DODAG Information Solicitation)"
"103","0.514944","fe80::c30c:0:0:9","ff02::1a","ICMPv6","64","RPL Control (DODAG Information Solicitation)"
"104","0.515056","fe80::c30c:0:0:5","ff02::1a","ICMPv6","64","RPL Control (DODAG Information Solicitation)"
"105","0.518218","fe80::c30c:0:0:9","ff02::1a","ICMPv6","64","RPL Control (DODAG Information Solicitation)"
"106","0.518311","fe80::c30c:0:0:5","ff02::1a","ICMPv6","64","RPL Control (DODAG Information Solicitation)"
"107","0.521505","fe80::c30c:0:0:9","ff02::1a","ICMPv6","64","RPL Control (DODAG Information Solicitation)"
"108","0.521578","fe80::c30c:0:0:5","ff02::1a","ICMPv6","64","RPL Control (DODAG Information Solicitation)"
"109","0.524780","fe80::c30c:0:0:9","ff02::1a","ICMPv6","64","RPL Control (DODAG Information Solicitation)"
"110","0.524852","fe80::c30c:0:0:5","ff02::1a","ICMPv6","64","RPL Control (DODAG Information Solicitation)"
"111","0.528075","fe80::c30c:0:0:9","ff02::1a","ICMPv6","64","RPL Control (DODAG Information Solicitation)"
"112","0.528139","fe80::c30c:0:0:5","ff02::1a","ICMPv6","64","RPL Control (DODAG Information Solicitation)"
"113","0.531371","fe80::c30c:0:0:9","ff02::1a","ICMPv6","64","RPL Control (DODAG Information Solicitation)"
"114","0.531414","fe80::c30c:0:0:5","ff02::1a","ICMPv6","64","RPL Control (DODAG Information Solicitation)"
"115","0.534636","fe80::c30c:0:0:9","ff02::1a","ICMPv6","64","RPL Control (DODAG Information Solicitation)"
"116","0.534709","fe80::c30c:0:0:5","ff02::1a","ICMPv6","64","RPL Control (DODAG Information Solicitation)"
"117","0.537893","fe80::c30c:0:0:9","ff02::1a","ICMPv6","64","RPL Control (DODAG Information Solicitation)"
"118","0.538005","fe80::c30c:0:0:5","ff02::1a","ICMPv6","64","RPL Control (DODAG Information Solicitation)"
"119","0.541158","fe80::c30c:0:0:9","ff02::1a","ICMPv6","64","RPL Control (DODAG Information Solicitation)"
"120","0.541270","fe80::c30c:0:0:5","ff02::1a","ICMPv6","64","RPL Control (DODAG Information Solicitation)"
"121","0.544434","fe80::c30c:0:0:9","ff02::1a","ICMPv6","64","RPL Control (DODAG Information Solicitation)"
"122","0.544527","fe80::c30c:0:0:5","ff02::1a","ICMPv6","64","RPL Control (DODAG Information Solicitation)"
"123","0.547729","fe80::c30c:0:0:9","ff02::1a","ICMPv6","64","RPL Control (DODAG Information Solicitation)"
"124","0.547792","fe80::c30c:0:0:5","ff02::1a","ICMPv6","64","RPL Control (DODAG Information Solicitation)"
"125","0.550984","fe80::c30c:0:0:9","ff02::1a","ICMPv6","64","RPL Control (DODAG Information Solicitation)"
"126","0.551068","fe80::c30c:0:0:5","ff02::1a","ICMPv6","64","RPL Control (DODAG Information Solicitation)"
"127","0.554251","fe80::c30c:0:0:9","ff02::1a","ICMPv6","64","RPL Control (DODAG Information Solicitation)"
"128","0.554363","fe80::c30c:0:0:5","ff02::1a","ICMPv6","64","RPL Control (DODAG Information Solicitation)"
"129","0.557525","fe80::c30c:0:0:9","ff02::1a","ICMPv6","64","RPL Control (DODAG Information Solicitation)"
"130","0.557618","fe80::c30c:0:0:5","ff02::1a","ICMPv6","64","RPL Control (DODAG Information Solicitation)"
"131","0.560791","fe80::c30c:0:0:9","ff02::1a","ICMPv6","64","RPL Control (DODAG Information Solicitation)"
"132","0.560885","fe80::c30c:0:0:5","ff02::1a","ICMPv6","64","RPL Control (DODAG Information Solicitation)"
"133","0.564086","fe80::c30c:0:0:9","ff02::1a","ICMPv6","64","RPL Control (DODAG Information Solicitation)"
"134","0.564159","fe80::c30c:0:0:5","ff02::1a","ICMPv6","64","RPL Control (DODAG Information Solicitation)"
"135","0.567383","fe80::c30c:0:0:9","ff02::1a","ICMPv6","64","RPL Control (DODAG Information Solicitation)"
"136","0.567425","fe80::c30c:0:0:5","ff02::1a","ICMPv6","64","RPL Control (DODAG Information Solicitation)"
"137","0.570679","fe80::c30c:0:0:9","ff02::1a","ICMPv6","64","RPL Control (DODAG Information Solicitation)"
"138","0.570720","fe80::c30c:0:0:5","ff02::1a","ICMPv6","64","RPL Control (DODAG Information Solicitation)"
"139","0.573944","fe80::c30c:0:0:9","ff02::1a","ICMPv6","64","RPL Control (DODAG Information Solicitation)"
"140","0.574017","fe80::c30c:0:0:5","ff02::1a","ICMPv6","64","RPL Control (DODAG Information Solicitation)"
"141","0.577230","fe80::c30c:0:0:9","ff02::1a","ICMPv6","64","RPL Control (DODAG Information Solicitation)"
"142","0.577313","fe80::c30c:0:0:5","ff02::1a","ICMPv6","64","RPL Control (DODAG Information Solicitation)"
"143","0.580494","fe80::c30c:0:0:9","ff02::1a","ICMPv6","64","RPL Control (DODAG Information Solicitation)"
"144","0.580578","fe80::c30c:0:0:5","ff02::1a","ICMPv6","64","RPL Control (DODAG Information Solicitation)"
"145","0.583770","fe80::c30c:0:0:9","ff02::1a","ICMPv6","64","RPL Control (DODAG Information Solicitation)"
"146","0.583864","fe80::c30c:0:0:5","ff02::1a","ICMPv6","64","RPL Control (DODAG Information Solicitation)"
"147","0.587057","fe80::c30c:0:0:9","ff02::1a","ICMPv6","64","RPL Control (DODAG Information Solicitation)"
"148","0.587128","fe80::c30c:0:0:5","ff02::1a","ICMPv6","64","RPL Control (DODAG Information Solicitation)"
"149","0.590331","fe80::c30c:0:0:9","ff02::1a","ICMPv6","64","RPL Control (DODAG Information Solicitation)"
"150","0.590404","fe80::c30c:0:0:5","ff02::1a","ICMPv6","64","RPL Control (DODAG Information Solicitation)"
"151","0.593618","fe80::c30c:0:0:9","ff02::1a","ICMPv6","64","RPL Control (DODAG Information Solicitation)"
"152","0.593691","fe80::c30c:0:0:5","ff02::1a","ICMPv6","64","RPL Control (DODAG Information Solicitation)"
"153","0.596893","fe80::c30c:0:0:9","ff02::1a","ICMPv6","64","RPL Control (DODAG Information Solicitation)"
"154","0.596965","fe80::c30c:0:0:5","ff02::1a","ICMPv6","64","RPL Control (DODAG Information Solicitation)"
"155","0.600252","fe80::c30c:0:0:5","ff02::1a","ICMPv6","64","RPL Control (DODAG Information Solicitation)"
"156","0.603527","fe80::c30c:0:0:5","ff02::1a","ICMPv6","64","RPL Control (DODAG Information Solicitation)"
"157","2.994458","fe80::c30c:0:0:1","ff02::1a","ICMPv6","97","RPL Control (DODAG Information Object)"
"158","2.998782","fe80::c30c:0:0:1","ff02::1a","ICMPv6","97","RPL Control (DODAG Information Object)"
"159","3.003133","fe80::c30c:0:0:1","ff02::1a","ICMPv6","97","RPL Control (DODAG Information Object)"
"160","3.007459","fe80::c30c:0:0:1","ff02::1a","ICMPv6","97","RPL Control (DODAG Information Object)"
"161","3.011794","fe80::c30c:0:0:1","ff02::1a","ICMPv6","97","RPL Control (DODAG Information Object)"
"162","3.016127","fe80::c30c:0:0:1","ff02::1a","ICMPv6","97","RPL Control (DODAG Information Object)"
"163","3.020461","fe80::c30c:0:0:1","ff02::1a","ICMPv6","97","RPL Control (DODAG Information Object)"
"164","3.024794","fe80::c30c:0:0:1","ff02::1a","ICMPv6","97","RPL Control (DODAG Information Object)"
"165","3.029127","fe80::c30c:0:0:1","ff02::1a","ICMPv6","97","RPL Control (DODAG Information Object)"
"166","3.033450","fe80::c30c:0:0:1","ff02::1a","ICMPv6","97","RPL Control (DODAG Information Object)"
"167","3.037794","fe80::c30c:0:0:1","ff02::1a","ICMPv6","97","RPL Control (DODAG Information Object)"
"168","3.042125","fe80::c30c:0:0:1","ff02::1a","ICMPv6","97","RPL Control (DODAG Information Object)"
"169","3.046461","fe80::c30c:0:0:1","ff02::1a","ICMPv6","97","RPL Control (DODAG Information Object)"
"170","3.050794","fe80::c30c:0:0:1","ff02::1a","ICMPv6","97","RPL Control (DODAG Information Object)"
"171","3.055128","fe80::c30c:0:0:1","ff02::1a","ICMPv6","97","RPL Control (DODAG Information Object)"
"172","3.059461","fe80::c30c:0:0:1","ff02::1a","ICMPv6","97","RPL Control (DODAG Information Object)"
"173","3.063795","fe80::c30c:0:0:1","ff02::1a","ICMPv6","97","RPL Control (DODAG Information Object)"
"174","3.068128","fe80::c30c:0:0:1","ff02::1a","ICMPv6","97","RPL Control (DODAG Information Object)"
"175","3.072463","fe80::c30c:0:0:1","ff02::1a","ICMPv6","97","RPL Control (DODAG Information Object)"
"176","3.076796","fe80::c30c:0:0:1","ff02::1a","ICMPv6","97","RPL Control (DODAG Information Object)"
"177","3.081118","fe80::c30c:0:0:1","ff02::1a","ICMPv6","97","RPL Control (DODAG Information Object)"
"178","3.085463","fe80::c30c:0:0:1","ff02::1a","ICMPv6","97","RPL Control (DODAG Information Object)"
"179","3.089796","fe80::c30c:0:0:1","ff02::1a","ICMPv6","97","RPL Control (DODAG Information Object)"
"180","3.094128","fe80::c30c:0:0:1","ff02::1a","ICMPv6","97","RPL Control (DODAG Information Object)"
"181","3.098462","fe80::c30c:0:0:1","ff02::1a","ICMPv6","97","RPL Control (DODAG Information Object)"
"182","3.102797","fe80::c30c:0:0:1","ff02::1a","ICMPv6","97","RPL Control (DODAG Information Object)"
"183","3.107130","fe80::c30c:0:0:1","ff02::1a","ICMPv6","97","RPL Control (DODAG Information Object)"
"184","3.111464","fe80::c30c:0:0:1","ff02::1a","ICMPv6","97","RPL Control (DODAG Information Object)"
"185","3.115797","fe80::c30c:0:0:1","ff02::1a","ICMPv6","97","RPL Control (DODAG Information Object)"
"186","3.120129","fe80::c30c:0:0:1","ff02::1a","ICMPv6","97","RPL Control (DODAG Information Object)"
"187","3.320360","fe80::c30c:0:0:a","ff02::1a","ICMPv6","64","RPL Control (DODAG Information Solicitation)"
"188","3.323649","fe80::c30c:0:0:a","ff02::1a","ICMPv6","64","RPL Control (DODAG Information Solicitation)"
"189","3.326916","fe80::c30c:0:0:a","ff02::1a","ICMPv6","64","RPL Control (DODAG Information Solicitation)"
"190","3.330201","fe80::c30c:0:0:a","ff02::1a","ICMPv6","64","RPL Control (DODAG Information Solicitation)"
"191","3.333470","fe80::c30c:0:0:a","ff02::1a","ICMPv6","64","RPL Control (DODAG Information Solicitation)"
"192","3.336733","fe80::c30c:0:0:a","ff02::1a","ICMPv6","64","RPL Control (DODAG Information Solicitation)"
"193","3.340007","fe80::c30c:0:0:a","ff02::1a","ICMPv6","64","RPL Control (DODAG Information Solicitation)"
"194","3.343303","fe80::c30c:0:0:a","ff02::1a","ICMPv6","64","RPL Control (DODAG Information Solicitation)"
"195","3.346598","fe80::c30c:0:0:a","ff02::1a","ICMPv6","64","RPL Control (DODAG Information Solicitation)"
"196","3.349854","fe80::c30c:0:0:a","ff02::1a","ICMPv6","64","RPL Control (DODAG Information Solicitation)"
"197","3.353130","fe80::c30c:0:0:a","ff02::1a","ICMPv6","64","RPL Control (DODAG Information Solicitation)"
"198","3.356425","fe80::c30c:0:0:a","ff02::1a","ICMPv6","64","RPL Control (DODAG Information Solicitation)"
"199","3.359680","fe80::c30c:0:0:a","ff02::1a","ICMPv6","64","RPL Control (DODAG Information Solicitation)"
"200","3.362947","fe80::c30c:0:0:a","ff02::1a","ICMPv6","64","RPL Control (DODAG Information Solicitation)"
"201","3.366221","fe80::c30c:0:0:a","ff02::1a","ICMPv6","64","RPL Control (DODAG Information Solicitation)"
"202","3.369508","fe80::c30c:0:0:a","ff02::1a","ICMPv6","64","RPL Control (DODAG Information Solicitation)"
"203","3.372783","fe80::c30c:0:0:a","ff02::1a","ICMPv6","64","RPL Control (DODAG Information Solicitation)"
"204","3.376078","fe80::c30c:0:0:a","ff02::1a","ICMPv6","64","RPL Control (DODAG Information Solicitation)"
"205","3.379374","fe80::c30c:0:0:a","ff02::1a","ICMPv6","64","RPL Control (DODAG Information Solicitation)"
"206","3.382639","fe80::c30c:0:0:a","ff02::1a","ICMPv6","64","RPL Control (DODAG Information Solicitation)"
"207","3.385896","fe80::c30c:0:0:a","ff02::1a","ICMPv6","64","RPL Control (DODAG Information Solicitation)"
"208","3.389161","fe80::c30c:0:0:a","ff02::1a","ICMPv6","64","RPL Control (DODAG Information Solicitation)"
"209","3.392437","fe80::c30c:0:0:a","ff02::1a","ICMPv6","64","RPL Control (DODAG Information Solicitation)"
"210","3.395732","fe80::c30c:0:0:a","ff02::1a","ICMPv6","64","RPL Control (DODAG Information Solicitation)"
"211","3.398987","fe80::c30c:0:0:a","ff02::1a","ICMPv6","64","RPL Control (DODAG Information Solicitation)"
"212","3.402254","fe80::c30c:0:0:a","ff02::1a","ICMPv6","64","RPL Control (DODAG Information Solicitation)"
"213","3.405528","fe80::c30c:0:0:a","ff02::1a","ICMPv6","64","RPL Control (DODAG Information Solicitation)"
"214","3.408794","fe80::c30c:0:0:a","ff02::1a","ICMPv6","64","RPL Control (DODAG Information Solicitation)"
"215","3.412089","fe80::c30c:0:0:a","ff02::1a","ICMPv6","64","RPL Control (DODAG Information Solicitation)"
"216","3.415386","fe80::c30c:0:0:a","ff02::1a","ICMPv6","64","RPL Control (DODAG Information Solicitation)"
"217","3.418682","fe80::c30c:0:0:a","ff02::1a","ICMPv6","64","RPL Control (DODAG Information Solicitation)"
"218","3.421947","fe80::c30c:0:0:a","ff02::1a","ICMPv6","64","RPL Control (DODAG Information Solicitation)"
"219","3.425233","fe80::c30c:0:0:a","ff02::1a","ICMPv6","64","RPL Control (DODAG Information Solicitation)"
"220","3.428497","fe80::c30c:0:0:a","ff02::1a","ICMPv6","64","RPL Control (DODAG Information Solicitation)"
"221","3.431766","fe80::c30c:0:0:a","ff02::1a","ICMPv6","64","RPL Control (DODAG Information Solicitation)"
"222","3.435028","fe80::c30c:0:0:a","ff02::1a","ICMPv6","64","RPL Control (DODAG Information Solicitation)"
"223","3.438305","fe80::c30c:0:0:a","ff02::1a","ICMPv6","64","RPL Control (DODAG Information Solicitation)"
"224","3.441569","fe80::c30c:0:0:a","ff02::1a","ICMPv6","64","RPL Control (DODAG Information Solicitation)"
"225","3.444824","fe80::c30c:0:0:a","ff02::1a","ICMPv6","64","RPL Control (DODAG Information Solicitation)"
"226","5.596025","fe80::c30c:0:0:b","fe80::c30c:0:0:1","ICMPv6","76","RPL Control (Destination Advertisement Object)"
"227","5.599338","fe80::c30c:0:0:b","fe80::c30c:0:0:1","ICMPv6","76","RPL Control (Destination Advertisement Object)"
"228","5.602664","fe80::c30c:0:0:b","fe80::c30c:0:0:1","ICMPv6","76","RPL Control (Destination Advertisement Object)"
"229","5.605989","fe80::c30c:0:0:b","fe80::c30c:0:0:1","ICMPv6","76","RPL Control (Destination Advertisement Object)"
"230","5.609287","fe80::c30c:0:0:b","fe80::c30c:0:0:1","ICMPv6","76","RPL Control (Destination Advertisement Object)"
"231","5.612613","fe80::c30c:0:0:b","fe80::c30c:0:0:1","ICMPv6","76","RPL Control (Destination Advertisement Object)"
"232","5.615938","fe80::c30c:0:0:b","fe80::c30c:0:0:1","ICMPv6","76","RPL Control (Destination Advertisement Object)"
"233","5.619265","fe80::c30c:0:0:b","fe80::c30c:0:0:1","ICMPv6","76","RPL Control (Destination Advertisement Object)"
"234","5.622592","fe80::c30c:0:0:b","fe80::c30c:0:0:1","ICMPv6","76","RPL Control (Destination Advertisement Object)"
"235","5.625919","fe80::c30c:0:0:b","fe80::c30c:0:0:1","ICMPv6","76","RPL Control (Destination Advertisement Object)"
"236","5.629245","fe80::c30c:0:0:b","fe80::c30c:0:0:1","ICMPv6","76","RPL Control (Destination Advertisement Object)"
"237","5.632572","fe80::c30c:0:0:b","fe80::c30c:0:0:1","ICMPv6","76","RPL Control (Destination Advertisement Object)"
"238","5.635412","","","IEEE 802.15.4","5","Ack"
"239","6.019700","fe80::c30c:0:0:4","fe80::c30c:0:0:1","ICMPv6","76","RPL Control (Destination Advertisement Object)"
"240","6.023013","fe80::c30c:0:0:4","fe80::c30c:0:0:1","ICMPv6","76","RPL Control (Destination Advertisement Object)"
"241","6.026339","fe80::c30c:0:0:4","fe80::c30c:0:0:1","ICMPv6","76","RPL Control (Destination Advertisement Object)"
"242","6.029666","fe80::c30c:0:0:4","fe80::c30c:0:0:1","ICMPv6","76","RPL Control (Destination Advertisement Object)"
"243","6.032992","fe80::c30c:0:0:4","fe80::c30c:0:0:1","ICMPv6","76","RPL Control (Destination Advertisement Object)"
"244","6.036289","fe80::c30c:0:0:4","fe80::c30c:0:0:1","ICMPv6","76","RPL Control (Destination Advertisement Object)"
"245","6.039614","fe80::c30c:0:0:4","fe80::c30c:0:0:1","ICMPv6","76","RPL Control (Destination Advertisement Object)"
"246","6.042942","fe80::c30c:0:0:4","fe80::c30c:0:0:1","ICMPv6","76","RPL Control (Destination Advertisement Object)"
"247","6.046268","fe80::c30c:0:0:4","fe80::c30c:0:0:1","ICMPv6","76","RPL Control (Destination Advertisement Object)"
"248","6.049594","fe80::c30c:0:0:4","fe80::c30c:0:0:1","ICMPv6","76","RPL Control (Destination Advertisement Object)"
"249","6.052920","fe80::c30c:0:0:4","fe80::c30c:0:0:1","ICMPv6","76","RPL Control (Destination Advertisement Object)"
"250","6.056247","fe80::c30c:0:0:4","fe80::c30c:0:0:1","ICMPv6","76","RPL Control (Destination Advertisement Object)"
"251","6.059572","fe80::c30c:0:0:4","fe80::c30c:0:0:1","ICMPv6","76","RPL Control (Destination Advertisement Object)"
"252","6.062869","fe80::c30c:0:0:4","fe80::c30c:0:0:1","ICMPv6","76","RPL Control (Destination Advertisement Object)"
"253","6.066196","fe80::c30c:0:0:4","fe80::c30c:0:0:1","ICMPv6","76","RPL Control (Destination Advertisement Object)"
"254","6.069521","fe80::c30c:0:0:4","fe80::c30c:0:0:1","ICMPv6","76","RPL Control (Destination Advertisement Object)"
"255","6.072818","fe80::c30c:0:0:4","fe80::c30c:0:0:1","ICMPv6","76","RPL Control (Destination Advertisement Object)"
"256","6.076144","fe80::c30c:0:0:4","fe80::c30c:0:0:1","ICMPv6","76","RPL Control (Destination Advertisement Object)"
"257","6.079469","fe80::c30c:0:0:4","fe80::c30c:0:0:1","ICMPv6","76","RPL Control (Destination Advertisement Object)"
"258","6.082767","fe80::c30c:0:0:4","fe80::c30c:0:0:1","ICMPv6","76","RPL Control (Destination Advertisement Object)"
"259","6.086135","fe80::c30c:0:0:4","fe80::c30c:0:0:1","ICMPv6","76","RPL Control (Destination Advertisement Object)"
"260","6.089450","fe80::c30c:0:0:4","fe80::c30c:0:0:1","ICMPv6","76","RPL Control (Destination Advertisement Object)"
"261","6.092777","fe80::c30c:0:0:4","fe80::c30c:0:0:1","ICMPv6","76","RPL Control (Destination Advertisement Object)"
"262","6.096102","fe80::c30c:0:0:4","fe80::c30c:0:0:1","ICMPv6","76","RPL Control (Destination Advertisement Object)"
"263","6.099430","fe80::c30c:0:0:4","fe80::c30c:0:0:1","ICMPv6","76","RPL Control (Destination Advertisement Object)"
"264","6.102754","fe80::c30c:0:0:4","fe80::c30c:0:0:1","ICMPv6","76","RPL Control (Destination Advertisement Object)"
"265","6.106051","fe80::c30c:0:0:4","fe80::c30c:0:0:1","ICMPv6","76","RPL Control (Destination Advertisement Object)"
"266","6.109378","fe80::c30c:0:0:4","fe80::c30c:0:0:1","ICMPv6","76","RPL Control (Destination Advertisement Object)"
"267","6.112704","fe80::c30c:0:0:4","fe80::c30c:0:0:1","ICMPv6","76","RPL Control (Destination Advertisement Object)"
"268","6.116031","fe80::c30c:0:0:4","fe80::c30c:0:0:1","ICMPv6","76","RPL Control (Destination Advertisement Object)"
"269","6.119358","fe80::c30c:0:0:4","fe80::c30c:0:0:1","ICMPv6","76","RPL Control (Destination Advertisement Object)"
"270","6.122682","fe80::c30c:0:0:4","fe80::c30c:0:0:1","ICMPv6","76","RPL Control (Destination Advertisement Object)"
"271","6.126009","fe80::c30c:0:0:4","fe80::c30c:0:0:1","ICMPv6","76","RPL Control (Destination Advertisement Object)"
"272","6.129305","fe80::c30c:0:0:4","fe80::c30c:0:0:1","ICMPv6","76","RPL Control (Destination Advertisement Object)"
"273","6.132602","fe80::c30c:0:0:4","fe80::c30c:0:0:1","ICMPv6","76","RPL Control (Destination Advertisement Object)"
"274","6.135444","","","IEEE 802.15.4","5","Ack"
"275","6.406174","fe80::c30c:0:0:b","fe80::c30c:0:0:1","ICMPv6","102","RPL Control (DODAG Information Object)"
"276","6.410311","fe80::c30c:0:0:b","fe80::c30c:0:0:1","ICMPv6","102","RPL Control (DODAG Information Object)"
"277","6.414462","fe80::c30c:0:0:b","fe80::c30c:0:0:1","ICMPv6","102","RPL Control (DODAG Information Object)"
"278","6.418612","fe80::c30c:0:0:b","fe80::c30c:0:0:1","ICMPv6","102","RPL Control (DODAG Information Object)"
"279","6.422763","fe80::c30c:0:0:b","fe80::c30c:0:0:1","ICMPv6","102","RPL Control (DODAG Information Object)"
"280","6.426914","fe80::c30c:0:0:b","fe80::c30c:0:0:1","ICMPv6","102","RPL Control (DODAG Information Object)"
"281","6.431063","fe80::c30c:0:0:b","fe80::c30c:0:0:1","ICMPv6","102","RPL Control (DODAG Information Object)"
"282","6.435215","fe80::c30c:0:0:b","fe80::c30c:0:0:1","ICMPv6","102","RPL Control (DODAG Information Object)"
"283","6.439365","fe80::c30c:0:0:b","fe80::c30c:0:0:1","ICMPv6","102","RPL Control (DODAG Information Object)"
"284","6.443514","fe80::c30c:0:0:b","fe80::c30c:0:0:1","ICMPv6","102","RPL Control (DODAG Information Object)"
"285","6.447666","fe80::c30c:0:0:b","fe80::c30c:0:0:1","ICMPv6","102","RPL Control (DODAG Information Object)"
"286","6.451816","fe80::c30c:0:0:b","fe80::c30c:0:0:1","ICMPv6","102","RPL Control (DODAG Information Object)"
"287","6.455967","fe80::c30c:0:0:b","fe80::c30c:0:0:1","ICMPv6","102","RPL Control (DODAG Information Object)"
"288","6.460116","fe80::c30c:0:0:b","fe80::c30c:0:0:1","ICMPv6","102","RPL Control (DODAG Information Object)"
"289","6.464266","fe80::c30c:0:0:b","fe80::c30c:0:0:1","ICMPv6","102","RPL Control (DODAG Information Object)"
"290","6.468418","fe80::c30c:0:0:b","fe80::c30c:0:0:1","ICMPv6","102","RPL Control (DODAG Information Object)"
"291","6.472568","fe80::c30c:0:0:b","fe80::c30c:0:0:1","ICMPv6","102","RPL Control (DODAG Information Object)"
"292","6.476719","fe80::c30c:0:0:b","fe80::c30c:0:0:1","ICMPv6","102","RPL Control (DODAG Information Object)"
"293","6.480869","fe80::c30c:0:0:b","fe80::c30c:0:0:1","ICMPv6","102","RPL Control (DODAG Information Object)"
"294","6.485017","fe80::c30c:0:0:b","fe80::c30c:0:0:1","ICMPv6","102","RPL Control (DODAG Information Object)"
"295","6.489169","fe80::c30c:0:0:b","fe80::c30c:0:0:1","ICMPv6","102","RPL Control (DODAG Information Object)"
"296","6.493320","fe80::c30c:0:0:b","fe80::c30c:0:0:1","ICMPv6","102","RPL Control (DODAG Information Object)"
"297","6.497470","fe80::c30c:0:0:b","fe80::c30c:0:0:1","ICMPv6","102","RPL Control (DODAG Information Object)"
"298","6.501621","fe80::c30c:0:0:b","fe80::c30c:0:0:1","ICMPv6","102","RPL Control (DODAG Information Object)"
"299","6.505770","fe80::c30c:0:0:b","fe80::c30c:0:0:1","ICMPv6","102","RPL Control (DODAG Information Object)"
"300","6.509921","fe80::c30c:0:0:b","fe80::c30c:0:0:1","ICMPv6","102","RPL Control (DODAG Information Object)"
"301","6.513592","","","IEEE 802.15.4","5","Ack"
"302","6.576740","fe80::c30c:0:0:b","ff02::1a","ICMPv6","97","RPL Control (DODAG Information Object)"
"303","6.581062","fe80::c30c:0:0:b","ff02::1a","ICMPv6","97","RPL Control (DODAG Information Object)"
"304","6.585365","fe80::c30c:0:0:b","ff02::1a","ICMPv6","97","RPL Control (DODAG Information Object)"
"305","6.589710","fe80::c30c:0:0:b","ff02::1a","ICMPv6","97","RPL Control (DODAG Information Object)"
"306","6.594044","fe80::c30c:0:0:b","ff02::1a","ICMPv6","97","RPL Control (DODAG Information Object)"
"307","6.598376","fe80::c30c:0:0:b","ff02::1a","ICMPv6","97","RPL Control (DODAG Information Object)"
"308","6.602709","fe80::c30c:0:0:b","ff02::1a","ICMPv6","97","RPL Control (DODAG Information Object)"
"309","6.607034","fe80::c30c:0:0:b","ff02::1a","ICMPv6","97","RPL Control (DODAG Information Object)"
"310","6.611347","fe80::c30c:0:0:b","ff02::1a","ICMPv6","97","RPL Control (DODAG Information Object)"
"311","6.615707","fe80::c30c:0:0:b","ff02::1a","ICMPv6","97","RPL Control (DODAG Information Object)"
"312","6.620044","fe80::c30c:0:0:b","ff02::1a","ICMPv6","97","RPL Control (DODAG Information Object)"
"313","6.624378","fe80::c30c:0:0:b","ff02::1a","ICMPv6","97","RPL Control (DODAG Information Object)"
"314","6.628710","fe80::c30c:0:0:b","ff02::1a","ICMPv6","97","RPL Control (DODAG Information Object)"
"315","6.633044","fe80::c30c:0:0:b","ff02::1a","ICMPv6","97","RPL Control (DODAG Information Object)"
"316","6.637377","fe80::c30c:0:0:b","ff02::1a","ICMPv6","97","RPL Control (DODAG Information Object)"
"317","6.641712","fe80::c30c:0:0:b","ff02::1a","ICMPv6","97","RPL Control (DODAG Information Object)"
"318","6.646044","fe80::c30c:0:0:b","ff02::1a","ICMPv6","97","RPL Control (DODAG Information Object)"
"319","6.650379","fe80::c30c:0:0:b","ff02::1a","ICMPv6","97","RPL Control (DODAG Information Object)"
"320","6.654711","fe80::c30c:0:0:b","ff02::1a","ICMPv6","97","RPL Control (DODAG Information Object)"
"321","6.659045","fe80::c30c:0:0:b","ff02::1a","ICMPv6","97","RPL Control (DODAG Information Object)"
"322","6.663410","fe80::c30c:0:0:b","ff02::1a","ICMPv6","97","RPL Control (DODAG Information Object)"
"323","6.667744","fe80::c30c:0:0:b","ff02::1a","ICMPv6","97","RPL Control (DODAG Information Object)"
"324","6.672076","fe80::c30c:0:0:b","ff02::1a","ICMPv6","97","RPL Control (DODAG Information Object)"
"325","6.676411","fe80::c30c:0:0:b","ff02::1a","ICMPv6","97","RPL Control (DODAG Information Object)"
"326","6.680733","fe80::c30c:0:0:b","ff02::1a","ICMPv6","97","RPL Control (DODAG Information Object)"
"327","6.685078","fe80::c30c:0:0:b","ff02::1a","ICMPv6","97","RPL Control (DODAG Information Object)"
"328","6.689411","fe80::c30c:0:0:b","ff02::1a","ICMPv6","97","RPL Control (DODAG Information Object)"
"329","6.693745","fe80::c30c:0:0:b","ff02::1a","ICMPv6","97","RPL Control (DODAG Information Object)"
"330","6.698077","fe80::c30c:0:0:b","ff02::1a","ICMPv6","97","RPL Control (DODAG Information Object)"
"331","6.702441","fe80::c30c:0:0:b","ff02::1a","ICMPv6","97","RPL Control (DODAG Information Object)"
"332","6.733414","fe80::c30c:0:0:4","ff02::1a","ICMPv6","97","RPL Control (DODAG Information Object)"
"333","6.737750","fe80::c30c:0:0:4","ff02::1a","ICMPv6","97","RPL Control (DODAG Information Object)"
"334","6.742083","fe80::c30c:0:0:4","ff02::1a","ICMPv6","97","RPL Control (DODAG Information Object)"
"335","6.746407","fe80::c30c:0:0:4","ff02::1a","ICMPv6","97","RPL Control (DODAG Information Object)"
"336","6.750750","fe80::c30c:0:0:4","ff02::1a","ICMPv6","97","RPL Control (DODAG Information Object)"
"337","6.755085","fe80::c30c:0:0:4","ff02::1a","ICMPv6","97","RPL Control (DODAG Information Object)"
"338","6.759419","fe80::c30c:0:0:4","ff02::1a","ICMPv6","97","RPL Control (DODAG Information Object)"
"339","6.763742","fe80::c30c:0:0:4","ff02::1a","ICMPv6","97","RPL Control (DODAG Information Object)"
"340","6.768074","fe80::c30c:0:0:4","ff02::1a","ICMPv6","97","RPL Control (DODAG Information Object)"
"341","6.772419","fe80::c30c:0:0:4","ff02::1a","ICMPv6","97","RPL Control (DODAG Information Object)"
"342","6.776751","fe80::c30c:0:0:4","ff02::1a","ICMPv6","97","RPL Control (DODAG Information Object)"
"343","6.781085","fe80::c30c:0:0:4","ff02::1a","ICMPv6","97","RPL Control (DODAG Information Object)"
"344","6.785408","fe80::c30c:0:0:4","ff02::1a","ICMPv6","97","RPL Control (DODAG Information Object)"
"345","6.789753","fe80::c30c:0:0:4","ff02::1a","ICMPv6","97","RPL Control (DODAG Information Object)"
"346","6.794086","fe80::c30c:0:0:4","ff02::1a","ICMPv6","97","RPL Control (DODAG Information Object)"
"347","6.798419","fe80::c30c:0:0:4","ff02::1a","ICMPv6","97","RPL Control (DODAG Information Object)"
"348","6.802753","fe80::c30c:0:0:4","ff02::1a","ICMPv6","97","RPL Control (DODAG Information Object)"
"349","6.807087","fe80::c30c:0:0:4","ff02::1a","ICMPv6","97","RPL Control (DODAG Information Object)"
"350","6.811409","fe80::c30c:0:0:4","ff02::1a","ICMPv6","97","RPL Control (DODAG Information Object)"
"351","6.815753","fe80::c30c:0:0:4","ff02::1a","ICMPv6","97","RPL Control (DODAG Information Object)"
"352","6.820086","fe80::c30c:0:0:4","ff02::1a","ICMPv6","97","RPL Control (DODAG Information Object)"
"353","6.824420","fe80::c30c:0:0:4","ff02::1a","ICMPv6","97","RPL Control (DODAG Information Object)"
"354","6.828743","fe80::c30c:0:0:4","ff02::1a","ICMPv6","97","RPL Control (DODAG Information Object)"
"355","6.833087","fe80::c30c:0:0:4","ff02::1a","ICMPv6","97","RPL Control (DODAG Information Object)"
"356","6.837421","fe80::c30c:0:0:4","ff02::1a","ICMPv6","97","RPL Control (DODAG Information Object)"
"357","6.841755","fe80::c30c:0:0:4","ff02::1a","ICMPv6","97","RPL Control (DODAG Information Object)"
"358","6.846079","fe80::c30c:0:0:4","ff02::1a","ICMPv6","97","RPL Control (DODAG Information Object)"
"359","6.850421","fe80::c30c:0:0:4","ff02::1a","ICMPv6","97","RPL Control (DODAG Information Object)"
"360","6.854755","fe80::c30c:0:0:4","ff02::1a","ICMPv6","97","RPL Control (DODAG Information Object)"
"361","6.859087","fe80::c30c:0:0:4","ff02::1a","ICMPv6","97","RPL Control (DODAG Information Object)"
"362","6.994187","fe80::c30c:0:0:4","fe80::c30c:0:0:1","ICMPv6","102","RPL Control (DODAG Information Object)"
"363","6.998324","fe80::c30c:0:0:4","fe80::c30c:0:0:1","ICMPv6","102","RPL Control (DODAG Information Object)"
"364","7.002475","fe80::c30c:0:0:4","fe80::c30c:0:0:1","ICMPv6","102","RPL Control (DODAG Information Object)"
"365","7.006625","fe80::c30c:0:0:4","fe80::c30c:0:0:1","ICMPv6","102","RPL Control (DODAG Information Object)"
"366","7.010297","","","IEEE 802.15.4","5","Ack"
"367","8.785665","fe80::c30c:0:0:2","ff02::1a","ICMPv6","97","RPL Control (DODAG Information Object)"
"368","8.789992","fe80::c30c:0:0:2","ff02::1a","ICMPv6","97","RPL Control (DODAG Information Object)"
"369","8.794331","fe80::c30c:0:0:2","ff02::1a","ICMPv6","97","RPL Control (DODAG Information Object)"
"370","8.798668","fe80::c30c:0:0:2","ff02::1a","ICMPv6","97","RPL Control (DODAG Information Object)"
"371","8.803002","fe80::c30c:0:0:2","ff02::1a","ICMPv6","97","RPL Control (DODAG Information Object)"
"372","8.807337","fe80::c30c:0:0:2","ff02::1a","ICMPv6","97","RPL Control (DODAG Information Object)"
"373","8.811671","fe80::c30c:0:0:2","ff02::1a","ICMPv6","97","RPL Control (DODAG Information Object)"
"374","8.816004","fe80::c30c:0:0:2","ff02::1a","ICMPv6","97","RPL Control (DODAG Information Object)"
"375","8.820337","fe80::c30c:0:0:2","ff02::1a","ICMPv6","97","RPL Control (DODAG Information Object)"
"376","8.824669","fe80::c30c:0:0:2","ff02::1a","ICMPv6","97","RPL Control (DODAG Information Object)"
"377","8.829004","fe80::c30c:0:0:2","ff02::1a","ICMPv6","97","RPL Control (DODAG Information Object)"
"378","8.833327","fe80::c30c:0:0:2","ff02::1a","ICMPv6","97","RPL Control (DODAG Information Object)"
"379","8.837670","fe80::c30c:0:0:2","ff02::1a","ICMPv6","97","RPL Control (DODAG Information Object)"
"380","8.842005","fe80::c30c:0:0:2","ff02::1a","ICMPv6","97","RPL Control (DODAG Information Object)"
"381","8.846337","fe80::c30c:0:0:2","ff02::1a","ICMPv6","97","RPL Control (DODAG Information Object)"
"382","8.850672","fe80::c30c:0:0:2","ff02::1a","ICMPv6","97","RPL Control (DODAG Information Object)"
"383","8.855004","fe80::c30c:0:0:2","ff02::1a","ICMPv6","97","RPL Control (DODAG Information Object)"
"384","8.859337","fe80::c30c:0:0:2","ff02::1a","ICMPv6","97","RPL Control (DODAG Information Object)"
"385","8.863671","fe80::c30c:0:0:2","ff02::1a","ICMPv6","97","RPL Control (DODAG Information Object)"
"386","8.867995","fe80::c30c:0:0:2","ff02::1a","ICMPv6","97","RPL Control (DODAG Information Object)"
"387","8.872329","fe80::c30c:0:0:2","ff02::1a","ICMPv6","97","RPL Control (DODAG Information Object)"
"388","8.876673","fe80::c30c:0:0:2","ff02::1a","ICMPv6","97","RPL Control (DODAG Information Object)"
"389","8.880997","fe80::c30c:0:0:2","ff02::1a","ICMPv6","97","RPL Control (DODAG Information Object)"
"390","8.885339","fe80::c30c:0:0:2","ff02::1a","ICMPv6","97","RPL Control (DODAG Information Object)"
"391","8.889672","fe80::c30c:0:0:2","ff02::1a","ICMPv6","97","RPL Control (DODAG Information Object)"
"392","8.894007","fe80::c30c:0:0:2","ff02::1a","ICMPv6","97","RPL Control (DODAG Information Object)"
"393","8.898339","fe80::c30c:0:0:2","ff02::1a","ICMPv6","97","RPL Control (DODAG Information Object)"
"394","8.902672","fe80::c30c:0:0:2","ff02::1a","ICMPv6","97","RPL Control (DODAG Information Object)"
"395","8.906997","fe80::c30c:0:0:2","ff02::1a","ICMPv6","97","RPL Control (DODAG Information Object)"
"396","8.911372","fe80::c30c:0:0:2","ff02::1a","ICMPv6","97","RPL Control (DODAG Information Object)"
"397","8.952339","fe80::c30c:0:0:5","ff02::1a","ICMPv6","97","RPL Control (DODAG Information Object)"
"398","8.956676","fe80::c30c:0:0:5","ff02::1a","ICMPv6","97","RPL Control (DODAG Information Object)"
"399","8.961017","fe80::c30c:0:0:5","ff02::1a","ICMPv6","97","RPL Control (DODAG Information Object)"
"400","8.965343","fe80::c30c:0:0:5","ff02::1a","ICMPv6","97","RPL Control (DODAG Information Object)"
"401","8.969677","fe80::c30c:0:0:5","ff02::1a","ICMPv6","97","RPL Control (DODAG Information Object)"
"402","8.974011","fe80::c30c:0:0:5","ff02::1a","ICMPv6","97","RPL Control (DODAG Information Object)"
"403","8.978345","fe80::c30c:0:0:5","ff02::1a","ICMPv6","97","RPL Control (DODAG Information Object)"
"404","8.982678","fe80::c30c:0:0:5","ff02::1a","ICMPv6","97","RPL Control (DODAG Information Object)"
"405","8.987011","fe80::c30c:0:0:5","ff02::1a","ICMPv6","97","RPL Control (DODAG Information Object)"
"406","8.991334","fe80::c30c:0:0:5","ff02::1a","ICMPv6","97","RPL Control (DODAG Information Object)"
"407","8.995677","fe80::c30c:0:0:5","ff02::1a","ICMPv6","97","RPL Control (DODAG Information Object)"
"408","9.000009","fe80::c30c:0:0:5","ff02::1a","ICMPv6","97","RPL Control (DODAG Information Object)"
"409","9.004344","fe80::c30c:0:0:5","ff02::1a","ICMPv6","97","RPL Control (DODAG Information Object)"
"410","9.008678","fe80::c30c:0:0:5","ff02::1a","ICMPv6","97","RPL Control (DODAG Information Object)"
"411","9.013012","fe80::c30c:0:0:5","ff02::1a","ICMPv6","97","RPL Control (DODAG Information Object)"
"412","9.017345","fe80::c30c:0:0:5","ff02::1a","ICMPv6","97","RPL Control (DODAG Information Object)"
"413","9.021679","fe80::c30c:0:0:5","ff02::1a","ICMPv6","97","RPL Control (DODAG Information Object)"
"414","9.026012","fe80::c30c:0:0:5","ff02::1a","ICMPv6","97","RPL Control (DODAG Information Object)"
"415","9.030346","fe80::c30c:0:0:5","ff02::1a","ICMPv6","97","RPL Control (DODAG Information Object)"
"416","9.034680","fe80::c30c:0:0:5","ff02::1a","ICMPv6","97","RPL Control (DODAG Information Object)"
"417","9.039002","fe80::c30c:0:0:5","ff02::1a","ICMPv6","97","RPL Control (DODAG Information Object)"
"418","9.043347","fe80::c30c:0:0:5","ff02::1a","ICMPv6","97","RPL Control (DODAG Information Object)"
"419","9.047680","fe80::c30c:0:0:5","ff02::1a","ICMPv6","97","RPL Control (DODAG Information Object)"
"420","9.052012","fe80::c30c:0:0:5","ff02::1a","ICMPv6","97","RPL Control (DODAG Information Object)"
"421","9.056347","fe80::c30c:0:0:5","ff02::1a","ICMPv6","97","RPL Control (DODAG Information Object)"
"422","9.060679","fe80::c30c:0:0:5","ff02::1a","ICMPv6","97","RPL Control (DODAG Information Object)"
"423","9.065004","fe80::c30c:0:0:5","ff02::1a","ICMPv6","97","RPL Control (DODAG Information Object)"
"424","9.069347","fe80::c30c:0:0:5","ff02::1a","ICMPv6","97","RPL Control (DODAG Information Object)"
"425","9.073681","fe80::c30c:0:0:5","ff02::1a","ICMPv6","97","RPL Control (DODAG Information Object)"
"426","9.078005","fe80::c30c:0:0:5","ff02::1a","ICMPv6","97","RPL Control (DODAG Information Object)"
"427","9.148354","fe80::c30c:0:0:b","fe80::c30c:0:0:1","ICMPv6","102","RPL Control (DODAG Information Object)"
"428","9.152499","fe80::c30c:0:0:b","fe80::c30c:0:0:1","ICMPv6","102","RPL Control (DODAG Information Object)"
"429","9.156649","fe80::c30c:0:0:b","fe80::c30c:0:0:1","ICMPv6","102","RPL Control (DODAG Information Object)"
"430","9.160800","fe80::c30c:0:0:b","fe80::c30c:0:0:1","ICMPv6","102","RPL Control (DODAG Information Object)"
"431","9.164951","fe80::c30c:0:0:b","fe80::c30c:0:0:1","ICMPv6","102","RPL Control (DODAG Information Object)"
"432","9.169101","fe80::c30c:0:0:b","fe80::c30c:0:0:1","ICMPv6","102","RPL Control (DODAG Information Object)"
"433","9.173252","fe80::c30c:0:0:b","fe80::c30c:0:0:1","ICMPv6","102","RPL Control (DODAG Information Object)"
"434","9.177402","fe80::c30c:0:0:b","fe80::c30c:0:0:1","ICMPv6","102","RPL Control (DODAG Information Object)"
"435","9.181553","fe80::c30c:0:0:b","fe80::c30c:0:0:1","ICMPv6","102","RPL Control (DODAG Information Object)"
"436","9.185702","fe80::c30c:0:0:b","fe80::c30c:0:0:1","ICMPv6","102","RPL Control (DODAG Information Object)"
"437","9.189852","fe80::c30c:0:0:b","fe80::c30c:0:0:1","ICMPv6","102","RPL Control (DODAG Information Object)"
"438","9.194003","fe80::c30c:0:0:b","fe80::c30c:0:0:1","ICMPv6","102","RPL Control (DODAG Information Object)"
"439","9.198153","fe80::c30c:0:0:b","fe80::c30c:0:0:1","ICMPv6","102","RPL Control (DODAG Information Object)"
"440","9.202304","fe80::c30c:0:0:b","fe80::c30c:0:0:1","ICMPv6","102","RPL Control (DODAG Information Object)"
"441","9.206455","fe80::c30c:0:0:b","fe80::c30c:0:0:1","ICMPv6","102","RPL Control (DODAG Information Object)"
"442","9.210605","fe80::c30c:0:0:b","fe80::c30c:0:0:1","ICMPv6","102","RPL Control (DODAG Information Object)"
"443","9.214756","fe80::c30c:0:0:b","fe80::c30c:0:0:1","ICMPv6","102","RPL Control (DODAG Information Object)"
"444","9.218906","fe80::c30c:0:0:b","fe80::c30c:0:0:1","ICMPv6","102","RPL Control (DODAG Information Object)"
"445","9.223056","fe80::c30c:0:0:b","fe80::c30c:0:0:1","ICMPv6","102","RPL Control (DODAG Information Object)"
"446","9.227205","fe80::c30c:0:0:b","fe80::c30c:0:0:1","ICMPv6","102","RPL Control (DODAG Information Object)"
"447","9.231357","fe80::c30c:0:0:b","fe80::c30c:0:0:1","ICMPv6","102","RPL Control (DODAG Information Object)"
"448","9.235508","fe80::c30c:0:0:b","fe80::c30c:0:0:1","ICMPv6","102","RPL Control (DODAG Information Object)"
"449","9.239658","fe80::c30c:0:0:b","fe80::c30c:0:0:1","ICMPv6","102","RPL Control (DODAG Information Object)"
"450","9.243808","fe80::c30c:0:0:b","fe80::c30c:0:0:1","ICMPv6","102","RPL Control (DODAG Information Object)"
"451","9.247958","fe80::c30c:0:0:b","fe80::c30c:0:0:1","ICMPv6","102","RPL Control (DODAG Information Object)"
"452","9.252109","fe80::c30c:0:0:b","fe80::c30c:0:0:1","ICMPv6","102","RPL Control (DODAG Information Object)"
"453","9.256259","fe80::c30c:0:0:b","fe80::c30c:0:0:1","ICMPv6","102","RPL Control (DODAG Information Object)"
"454","9.260409","fe80::c30c:0:0:b","fe80::c30c:0:0:1","ICMPv6","102","RPL Control (DODAG Information Object)"
"455","9.264081","","","IEEE 802.15.4","5","Ack"
"456","9.617404","fe80::c30c:0:0:3","fe80::c30c:0:0:b","ICMPv6","76","RPL Control (Destination Advertisement Object)"
"457","9.620717","fe80::c30c:0:0:3","fe80::c30c:0:0:b","ICMPv6","76","RPL Control (Destination Advertisement Object)"
"458","9.624013","fe80::c30c:0:0:3","fe80::c30c:0:0:b","ICMPv6","76","RPL Control (Destination Advertisement Object)"
"459","9.627340","fe80::c30c:0:0:3","fe80::c30c:0:0:b","ICMPv6","76","RPL Control (Destination Advertisement Object)"
"460","9.630667","fe80::c30c:0:0:3","fe80::c30c:0:0:b","ICMPv6","76","RPL Control (Destination Advertisement Object)"
"461","9.633991","fe80::c30c:0:0:3","fe80::c30c:0:0:b","ICMPv6","76","RPL Control (Destination Advertisement Object)"
"462","9.637289","fe80::c30c:0:0:3","fe80::c30c:0:0:b","ICMPv6","76","RPL Control (Destination Advertisement Object)"
"463","9.640615","fe80::c30c:0:0:3","fe80::c30c:0:0:b","ICMPv6","76","RPL Control (Destination Advertisement Object)"
"464","9.643940","fe80::c30c:0:0:3","fe80::c30c:0:0:b","ICMPv6","76","RPL Control (Destination Advertisement Object)"
"465","9.647238","fe80::c30c:0:0:3","fe80::c30c:0:0:b","ICMPv6","76","RPL Control (Destination Advertisement Object)"
"466","9.650564","fe80::c30c:0:0:3","fe80::c30c:0:0:b","ICMPv6","76","RPL Control (Destination Advertisement Object)"
"467","9.653891","fe80::c30c:0:0:3","fe80::c30c:0:0:b","ICMPv6","76","RPL Control (Destination Advertisement Object)"
"468","9.657217","fe80::c30c:0:0:3","fe80::c30c:0:0:b","ICMPv6","76","RPL Control (Destination Advertisement Object)"
"469","9.660587","fe80::c30c:0:0:3","fe80::c30c:0:0:b","ICMPv6","76","RPL Control (Destination Advertisement Object)"
"470","9.663900","fe80::c30c:0:0:3","fe80::c30c:0:0:b","ICMPv6","76","RPL Control (Destination Advertisement Object)"
"471","9.667226","fe80::c30c:0:0:3","fe80::c30c:0:0:b","ICMPv6","76","RPL Control (Destination Advertisement Object)"
"472","9.670552","fe80::c30c:0:0:3","fe80::c30c:0:0:b","ICMPv6","76","RPL Control (Destination Advertisement Object)"
"473","9.673879","fe80::c30c:0:0:3","fe80::c30c:0:0:b","ICMPv6","76","RPL Control (Destination Advertisement Object)"
"474","9.677206","fe80::c30c:0:0:3","fe80::c30c:0:0:b","ICMPv6","76","RPL Control (Destination Advertisement Object)"
"475","9.680532","fe80::c30c:0:0:3","fe80::c30c:0:0:b","ICMPv6","76","RPL Control (Destination Advertisement Object)"
"476","9.683859","fe80::c30c:0:0:3","fe80::c30c:0:0:b","ICMPv6","76","RPL Control (Destination Advertisement Object)"
"477","9.687185","fe80::c30c:0:0:3","fe80::c30c:0:0:b","ICMPv6","76","RPL Control (Destination Advertisement Object)"
"478","9.690510","fe80::c30c:0:0:3","fe80::c30c:0:0:b","ICMPv6","76","RPL Control (Destination Advertisement Object)"
"479","9.693808","fe80::c30c:0:0:3","fe80::c30c:0:0:b","ICMPv6","76","RPL Control (Destination Advertisement Object)"
"480","9.696648","","","IEEE 802.15.4","5","Ack"
"481","9.723244","fe80::c30c:0:0:3","ff02::1a","ICMPv6","97","RPL Control (DODAG Information Object)"
"482","9.727575","fe80::c30c:0:0:3","ff02::1a","ICMPv6","97","RPL Control (DODAG Information Object)"
"483","9.731908","fe80::c30c:0:0:3","ff02::1a","ICMPv6","97","RPL Control (DODAG Information Object)"
"484","9.736243","fe80::c30c:0:0:3","ff02::1a","ICMPv6","97","RPL Control (DODAG Information Object)"
"485","9.740566","fe80::c30c:0:0:3","ff02::1a","ICMPv6","97","RPL Control (DODAG Information Object)"
"486","9.744909","fe80::c30c:0:0:3","ff02::1a","ICMPv6","97","RPL Control (DODAG Information Object)"
"487","9.749242","fe80::c30c:0:0:3","ff02::1a","ICMPv6","97","RPL Control (DODAG Information Object)"
"488","9.753577","fe80::c30c:0:0:3","ff02::1a","ICMPv6","97","RPL Control (DODAG Information Object)"
"489","9.757910","fe80::c30c:0:0:3","ff02::1a","ICMPv6","97","RPL Control (DODAG Information Object)"
"490","9.762235","fe80::c30c:0:0:3","ff02::1a","ICMPv6","97","RPL Control (DODAG Information Object)"
"491","9.766576","fe80::c30c:0:0:3","ff02::1a","ICMPv6","97","RPL Control (DODAG Information Object)"
"492","9.770899","fe80::c30c:0:0:3","ff02::1a","ICMPv6","97","RPL Control (DODAG Information Object)"
"493","9.775244","fe80::c30c:0:0:3","ff02::1a","ICMPv6","97","RPL Control (DODAG Information Object)"
"494","9.779578","fe80::c30c:0:0:3","ff02::1a","ICMPv6","97","RPL Control (DODAG Information Object)"
"495","9.783900","fe80::c30c:0:0:3","ff02::1a","ICMPv6","97","RPL Control (DODAG Information Object)"
"496","9.788244","fe80::c30c:0:0:3","ff02::1a","ICMPv6","97","RPL Control (DODAG Information Object)"
"497","9.792578","fe80::c30c:0:0:3","ff02::1a","ICMPv6","97","RPL Control (DODAG Information Object)"
"498","9.796910","fe80::c30c:0:0:3","ff02::1a","ICMPv6","97","RPL Control (DODAG Information Object)"
"499","9.801234","fe80::c30c:0:0:3","ff02::1a","ICMPv6","97","RPL Control (DODAG Information Object)"
"500","9.805578","fe80::c30c:0:0:3","ff02::1a","ICMPv6","97","RPL Control (DODAG Information Object)"
"501","9.809912","fe80::c30c:0:0:3","ff02::1a","ICMPv6","97","RPL Control (DODAG Information Object)"
"502","9.814244","fe80::c30c:0:0:3","ff02::1a","ICMPv6","97","RPL Control (DODAG Information Object)"
"503","9.818579","fe80::c30c:0:0:3","ff02::1a","ICMPv6","97","RPL Control (DODAG Information Object)"
"504","9.822911","fe80::c30c:0:0:3","ff02::1a","ICMPv6","97","RPL Control (DODAG Information Object)"
"505","9.827245","fe80::c30c:0:0:3","ff02::1a","ICMPv6","97","RPL Control (DODAG Information Object)"
"506","9.831568","fe80::c30c:0:0:3","ff02::1a","ICMPv6","97","RPL Control (DODAG Information Object)"
"507","9.835913","fe80::c30c:0:0:3","ff02::1a","ICMPv6","97","RPL Control (DODAG Information Object)"
"508","9.840236","fe80::c30c:0:0:3","ff02::1a","ICMPv6","97","RPL Control (DODAG Information Object)"
"509","9.844580","fe80::c30c:0:0:3","ff02::1a","ICMPv6","97","RPL Control (DODAG Information Object)"
"510","9.848904","fe80::c30c:0:0:3","ff02::1a","ICMPv6","97","RPL Control (DODAG Information Object)"
"511","9.868263","fe80::c30c:0:0:b","fe80::c30c:0:0:1","ICMPv6","76","RPL Control (Destination Advertisement Object)"
"512","9.871585","fe80::c30c:0:0:b","fe80::c30c:0:0:1","ICMPv6","76","RPL Control (Destination Advertisement Object)"
"513","9.874912","fe80::c30c:0:0:b","fe80::c30c:0:0:1","ICMPv6","76","RPL Control (Destination Advertisement Object)"
"514","9.878238","fe80::c30c:0:0:b","fe80::c30c:0:0:1","ICMPv6","76","RPL Control (Destination Advertisement Object)"
"515","9.881563","fe80::c30c:0:0:b","fe80::c30c:0:0:1","ICMPv6","76","RPL Control (Destination Advertisement Object)"
"516","9.884404","","","IEEE 802.15.4","5","Ack"
"517","10.143507","fe80::c30c:0:0:1","ff02::1a","ICMPv6","97","RPL Control (DODAG Information Object)"
"518","10.147830","fe80::c30c:0:0:1","ff02::1a","ICMPv6","97","RPL Control (DODAG Information Object)"
"519","10.152133","fe80::c30c:0:0:1","ff02::1a","ICMPv6","97","RPL Control (DODAG Information Object)"
"520","10.156476","fe80::c30c:0:0:1","ff02::1a","ICMPv6","97","RPL Control (DODAG Information Object)"
"521","10.160811","fe80::c30c:0:0:1","ff02::1a","ICMPv6","97","RPL Control (DODAG Information Object)"
"522","10.165133","fe80::c30c:0:0:1","ff02::1a","ICMPv6","97","RPL Control (DODAG Information Object)"
"523","10.169446","fe80::c30c:0:0:1","ff02::1a","ICMPv6","97","RPL Control (DODAG Information Object)"
"524","10.173779","fe80::c30c:0:0:1","ff02::1a","ICMPv6","97","RPL Control (DODAG Information Object)"
"525","10.178114","fe80::c30c:0:0:1","ff02::1a","ICMPv6","97","RPL Control (DODAG Information Object)"
"526","10.182484","fe80::c30c:0:0:1","ff02::1a","ICMPv6","97","RPL Control (DODAG Information Object)"
"527","10.186812","fe80::c30c:0:0:1","ff02::1a","ICMPv6","97","RPL Control (DODAG Information Object)"
"528","10.191144","fe80::c30c:0:0:1","ff02::1a","ICMPv6","97","RPL Control (DODAG Information Object)"
"529","10.195477","fe80::c30c:0:0:1","ff02::1a","ICMPv6","97","RPL Control (DODAG Information Object)"
"530","10.199811","fe80::c30c:0:0:1","ff02::1a","ICMPv6","97","RPL Control (DODAG Information Object)"
"531","10.204144","fe80::c30c:0:0:1","ff02::1a","ICMPv6","97","RPL Control (DODAG Information Object)"
"532","10.208479","fe80::c30c:0:0:1","ff02::1a","ICMPv6","97","RPL Control (DODAG Information Object)"
"533","10.212811","fe80::c30c:0:0:1","ff02::1a","ICMPv6","97","RPL Control (DODAG Information Object)"
"534","10.217146","fe80::c30c:0:0:1","ff02::1a","ICMPv6","97","RPL Control (DODAG Information Object)"
"535","10.221478","fe80::c30c:0:0:1","ff02::1a","ICMPv6","97","RPL Control (DODAG Information Object)"
"536","10.225813","fe80::c30c:0:0:1","ff02::1a","ICMPv6","97","RPL Control (DODAG Information Object)"
"537","10.230166","fe80::c30c:0:0:1","ff02::1a","ICMPv6","97","RPL Control (DODAG Information Object)"
"538","10.234511","fe80::c30c:0:0:1","ff02::1a","ICMPv6","97","RPL Control (DODAG Information Object)"
"539","10.238844","fe80::c30c:0:0:1","ff02::1a","ICMPv6","97","RPL Control (DODAG Information Object)"
"540","10.243176","fe80::c30c:0:0:1","ff02::1a","ICMPv6","97","RPL Control (DODAG Information Object)"
"541","10.247501","fe80::c30c:0:0:1","ff02::1a","ICMPv6","97","RPL Control (DODAG Information Object)"
"542","10.251844","fe80::c30c:0:0:1","ff02::1a","ICMPv6","97","RPL Control (DODAG Information Object)"
"543","10.256178","fe80::c30c:0:0:1","ff02::1a","ICMPv6","97","RPL Control (DODAG Information Object)"
"544","10.260502","fe80::c30c:0:0:1","ff02::1a","ICMPv6","97","RPL Control (DODAG Information Object)"
"545","10.264845","fe80::c30c:0:0:1","ff02::1a","ICMPv6","97","RPL Control (DODAG Information Object)"
"546","10.269208","fe80::c30c:0:0:1","ff02::1a","ICMPv6","97","RPL Control (DODAG Information Object)"
"547","10.370583","fe80::c30c:0:0:5","fe80::c30c:0:0:4","ICMPv6","76","RPL Control (Destination Advertisement Object)"
"548","10.373896","fe80::c30c:0:0:5","fe80::c30c:0:0:4","ICMPv6","76","RPL Control (Destination Advertisement Object)"
"549","10.377223","fe80::c30c:0:0:5","fe80::c30c:0:0:4","ICMPv6","76","RPL Control (Destination Advertisement Object)"
"550","10.380550","fe80::c30c:0:0:5","fe80::c30c:0:0:4","ICMPv6","76","RPL Control (Destination Advertisement Object)"
"551","10.383877","fe80::c30c:0:0:5","fe80::c30c:0:0:4","ICMPv6","76","RPL Control (Destination Advertisement Object)"
"552","10.387201","fe80::c30c:0:0:5","fe80::c30c:0:0:4","ICMPv6","76","RPL Control (Destination Advertisement Object)"
"553","10.390499","fe80::c30c:0:0:5","fe80::c30c:0:0:4","ICMPv6","76","RPL Control (Destination Advertisement Object)"
"554","10.393824","fe80::c30c:0:0:5","fe80::c30c:0:0:4","ICMPv6","76","RPL Control (Destination Advertisement Object)"
"555","10.397152","fe80::c30c:0:0:5","fe80::c30c:0:0:4","ICMPv6","76","RPL Control (Destination Advertisement Object)"
"556","10.400478","fe80::c30c:0:0:5","fe80::c30c:0:0:4","ICMPv6","76","RPL Control (Destination Advertisement Object)"
"557","10.403803","fe80::c30c:0:0:5","fe80::c30c:0:0:4","ICMPv6","76","RPL Control (Destination Advertisement Object)"
"558","10.404200","fe80::c30c:0:0:3","fe80::c30c:0:0:b","ICMPv6","102","RPL Control (DODAG Information Object)"
"559","10.407131","fe80::c30c:0:0:5","fe80::c30c:0:0:4","ICMPv6","76","RPL Control (Destination Advertisement Object)"
"560","10.408345","fe80::c30c:0:0:3","fe80::c30c:0:0:b","ICMPv6","102","RPL Control (DODAG Information Object)"
"561","10.410456","fe80::c30c:0:0:5","fe80::c30c:0:0:4","ICMPv6","76","RPL Control (Destination Advertisement Object)"
"562","10.412496","fe80::c30c:0:0:3","fe80::c30c:0:0:b","ICMPv6","102","RPL Control (DODAG Information Object)"
"563","10.413791","fe80::c30c:0:0:5","fe80::c30c:0:0:4","ICMPv6","76","RPL Control (Destination Advertisement Object)"
"564","10.417110","fe80::c30c:0:0:5","fe80::c30c:0:0:4","ICMPv6","76","RPL Control (Destination Advertisement Object)"
"565","10.416646","fe80::c30c:0:0:3","fe80::c30c:0:0:b","ICMPv6","102","RPL Control (DODAG Information Object)"
"566","10.420435","fe80::c30c:0:0:5","fe80::c30c:0:0:4","ICMPv6","76","RPL Control (Destination Advertisement Object)"
"567","10.420797","fe80::c30c:0:0:3","fe80::c30c:0:0:b","ICMPv6","102","RPL Control (DODAG Information Object)"
"568","10.423763","fe80::c30c:0:0:5","fe80::c30c:0:0:4","ICMPv6","76","RPL Control (Destination Advertisement Object)"
"569","10.424947","fe80::c30c:0:0:3","fe80::c30c:0:0:b","ICMPv6","102","RPL Control (DODAG Information Object)"
"570","10.427089","fe80::c30c:0:0:5","fe80::c30c:0:0:4","ICMPv6","76","RPL Control (Destination Advertisement Object)"
"571","10.429098","fe80::c30c:0:0:3","fe80::c30c:0:0:b","ICMPv6","102","RPL Control (DODAG Information Object)"
"572","10.430415","fe80::c30c:0:0:5","fe80::c30c:0:0:4","ICMPv6","76","RPL Control (Destination Advertisement Object)"
"573","10.433742","fe80::c30c:0:0:5","fe80::c30c:0:0:4","ICMPv6","76","RPL Control (Destination Advertisement Object)"
"574","10.433248","fe80::c30c:0:0:3","fe80::c30c:0:0:b","ICMPv6","102","RPL Control (DODAG Information Object)"
"575","10.437069","fe80::c30c:0:0:5","fe80::c30c:0:0:4","ICMPv6","76","RPL Control (Destination Advertisement Object)"
"576","10.437398","fe80::c30c:0:0:3","fe80::c30c:0:0:b","ICMPv6","102","RPL Control (DODAG Information Object)"
"577","10.440395","fe80::c30c:0:0:5","fe80::c30c:0:0:4","ICMPv6","76","RPL Control (Destination Advertisement Object)"
"578","10.441548","fe80::c30c:0:0:3","fe80::c30c:0:0:b","ICMPv6","102","RPL Control (DODAG Information Object)"
"579","10.443720","fe80::c30c:0:0:5","fe80::c30c:0:0:4","ICMPv6","76","RPL Control (Destination Advertisement Object)"
"580","10.445700","fe80::c30c:0:0:3","fe80::c30c:0:0:b","ICMPv6","102","RPL Control (DODAG Information Object)"
"581","10.447016","fe80::c30c:0:0:5","fe80::c30c:0:0:4","ICMPv6","76","RPL Control (Destination Advertisement Object)"
"582","10.450312","fe80::c30c:0:0:5","fe80::c30c:0:0:4","ICMPv6","76","RPL Control (Destination Advertisement Object)"
"583","10.449850","fe80::c30c:0:0:3","fe80::c30c:0:0:b","ICMPv6","102","RPL Control (DODAG Information Object)"
"584","10.453608","fe80::c30c:0:0:5","fe80::c30c:0:0:4","ICMPv6","76","RPL Control (Destination Advertisement Object)"
"585","10.454001","fe80::c30c:0:0:3","fe80::c30c:0:0:b","ICMPv6","102","RPL Control (DODAG Information Object)"
"586","10.456936","fe80::c30c:0:0:5","fe80::c30c:0:0:4","ICMPv6","76","RPL Control (Destination Advertisement Object)"
"587","10.458151","fe80::c30c:0:0:3","fe80::c30c:0:0:b","ICMPv6","102","RPL Control (DODAG Information Object)"
"588","10.460262","fe80::c30c:0:0:5","fe80::c30c:0:0:4","ICMPv6","76","RPL Control (Destination Advertisement Object)"
"589","10.462301","fe80::c30c:0:0:3","fe80::c30c:0:0:b","ICMPv6","102","RPL Control (DODAG Information Object)"
"590","10.463588","fe80::c30c:0:0:5","fe80::c30c:0:0:4","ICMPv6","76","RPL Control (Destination Advertisement Object)"
"591","10.466914","fe80::c30c:0:0:5","fe80::c30c:0:0:4","ICMPv6","76","RPL Control (Destination Advertisement Object)"
"592","10.466452","fe80::c30c:0:0:3","fe80::c30c:0:0:b","ICMPv6","102","RPL Control (DODAG Information Object)"
"593","10.470241","fe80::c30c:0:0:5","fe80::c30c:0:0:4","ICMPv6","76","RPL Control (Destination Advertisement Object)"
"594","10.470601","fe80::c30c:0:0:3","fe80::c30c:0:0:b","ICMPv6","102","RPL Control (DODAG Information Object)"
"595","10.473568","fe80::c30c:0:0:5","fe80::c30c:0:0:4","ICMPv6","76","RPL Control (Destination Advertisement Object)"
"596","10.474752","fe80::c30c:0:0:3","fe80::c30c:0:0:b","ICMPv6","102","RPL Control (DODAG Information Object)"
"597","10.476893","fe80::c30c:0:0:5","fe80::c30c:0:0:4","ICMPv6","76","RPL Control (Destination Advertisement Object)"
"598","10.478903","fe80::c30c:0:0:3","fe80::c30c:0:0:b","ICMPv6","102","RPL Control (DODAG Information Object)"
"599","10.480189","fe80::c30c:0:0:5","fe80::c30c:0:0:4","ICMPv6","76","RPL Control (Destination Advertisement Object)"
"600","10.483517","fe80::c30c:0:0:5","fe80::c30c:0:0:4","ICMPv6","76","RPL Control (Destination Advertisement Object)"
"601","10.483053","fe80::c30c:0:0:3","fe80::c30c:0:0:b","ICMPv6","102","RPL Control (DODAG Information Object)"
"602","10.486843","fe80::c30c:0:0:5","fe80::c30c:0:0:4","ICMPv6","76","RPL Control (Destination Advertisement Object)"
"603","10.487204","fe80::c30c:0:0:3","fe80::c30c:0:0:b","ICMPv6","102","RPL Control (DODAG Information Object)"
"604","10.490169","fe80::c30c:0:0:5","fe80::c30c:0:0:4","ICMPv6","76","RPL Control (Destination Advertisement Object)"
"605","10.491354","fe80::c30c:0:0:3","fe80::c30c:0:0:b","ICMPv6","102","RPL Control (DODAG Information Object)"
"606","10.493496","fe80::c30c:0:0:5","fe80::c30c:0:0:4","ICMPv6","76","RPL Control (Destination Advertisement Object)"
"607","10.495505","fe80::c30c:0:0:3","fe80::c30c:0:0:b","ICMPv6","102","RPL Control (DODAG Information Object)"
"608","10.496821","fe80::c30c:0:0:5","fe80::c30c:0:0:4","ICMPv6","76","RPL Control (Destination Advertisement Object)"
"609","10.499655","fe80::c30c:0:0:3","fe80::c30c:0:0:b","ICMPv6","102","RPL Control (DODAG Information Object)"
"610","10.503805","fe80::c30c:0:0:3","fe80::c30c:0:0:b","ICMPv6","102","RPL Control (DODAG Information Object)"
"611","10.506998","fe80::c30c:0:0:5","fe80::c30c:0:0:4","ICMPv6","76","RPL Control (Destination Advertisement Object)"
"612","10.507955","fe80::c30c:0:0:3","fe80::c30c:0:0:b","ICMPv6","102","RPL Control (DODAG Information Object)"
"613","10.510311","fe80::c30c:0:0:5","fe80::c30c:0:0:4","ICMPv6","76","RPL Control (Destination Advertisement Object)"
"614","10.512148","fe80::c30c:0:0:3","fe80::c30c:0:0:b","ICMPv6","102","RPL Control (DODAG Information Object)"
"615","10.513636","fe80::c30c:0:0:5","fe80::c30c:0:0:4","ICMPv6","76","RPL Control (Destination Advertisement Object)"
"616","10.516964","fe80::c30c:0:0:5","fe80::c30c:0:0:4","ICMPv6","76","RPL Control (Destination Advertisement Object)"
"617","10.516287","fe80::c30c:0:0:3","fe80::c30c:0:0:b","ICMPv6","102","RPL Control (DODAG Information Object)"
"618","10.520290","fe80::c30c:0:0:5","fe80::c30c:0:0:4","ICMPv6","76","RPL Control (Destination Advertisement Object)"
"619","10.520436","fe80::c30c:0:0:3","fe80::c30c:0:0:b","ICMPv6","102","RPL Control (DODAG Information Object)"
"620","10.523646","fe80::c30c:0:0:5","fe80::c30c:0:0:4","ICMPv6","76","RPL Control (Destination Advertisement Object)"
"621","10.524587","fe80::c30c:0:0:3","fe80::c30c:0:0:b","ICMPv6","102","RPL Control (DODAG Information Object)"
"622","10.526972","fe80::c30c:0:0:5","fe80::c30c:0:0:4","ICMPv6","76","RPL Control (Destination Advertisement Object)"
"623","10.528736","fe80::c30c:0:0:3","fe80::c30c:0:0:b","ICMPv6","102","RPL Control (DODAG Information Object)"
"624","10.530300","fe80::c30c:0:0:5","fe80::c30c:0:0:4","ICMPv6","76","RPL Control (Destination Advertisement Object)"
"625","10.533625","fe80::c30c:0:0:5","fe80::c30c:0:0:4","ICMPv6","76","RPL Control (Destination Advertisement Object)"
"626","10.536953","fe80::c30c:0:0:5","fe80::c30c:0:0:4","ICMPv6","76","RPL Control (Destination Advertisement Object)"
"627","10.540279","fe80::c30c:0:0:5","fe80::c30c:0:0:4","ICMPv6","76","RPL Control (Destination Advertisement Object)"
"628","10.539830","fe80::c30c:0:0:3","fe80::c30c:0:0:b","ICMPv6","102","RPL Control (DODAG Information Object)"
"629","10.543604","fe80::c30c:0:0:5","fe80::c30c:0:0:4","ICMPv6","76","RPL Control (Destination Advertisement Object)"
"630","10.543966","fe80::c30c:0:0:3","fe80::c30c:0:0:b","ICMPv6","102","RPL Control (DODAG Information Object)"
"631","10.546900","fe80::c30c:0:0:5","fe80::c30c:0:0:4","ICMPv6","76","RPL Control (Destination Advertisement Object)"
"632","10.548116","fe80::c30c:0:0:3","fe80::c30c:0:0:b","ICMPv6","102","RPL Control (DODAG Information Object)"
"633","10.550227","fe80::c30c:0:0:5","fe80::c30c:0:0:4","ICMPv6","76","RPL Control (Destination Advertisement Object)"
"634","10.552266","fe80::c30c:0:0:3","fe80::c30c:0:0:b","ICMPv6","102","RPL Control (DODAG Information Object)"
"635","10.553554","fe80::c30c:0:0:5","fe80::c30c:0:0:4","ICMPv6","76","RPL Control (Destination Advertisement Object)"
"636","10.556880","fe80::c30c:0:0:5","fe80::c30c:0:0:4","ICMPv6","76","RPL Control (Destination Advertisement Object)"
"637","10.556416","fe80::c30c:0:0:3","fe80::c30c:0:0:b","ICMPv6","102","RPL Control (DODAG Information Object)"
"638","10.560207","fe80::c30c:0:0:5","fe80::c30c:0:0:4","ICMPv6","76","RPL Control (Destination Advertisement Object)"
"639","10.560568","fe80::c30c:0:0:3","fe80::c30c:0:0:b","ICMPv6","102","RPL Control (DODAG Information Object)"
"640","10.563533","fe80::c30c:0:0:5","fe80::c30c:0:0:4","ICMPv6","76","RPL Control (Destination Advertisement Object)"
"641","10.564718","fe80::c30c:0:0:3","fe80::c30c:0:0:b","ICMPv6","102","RPL Control (DODAG Information Object)"
"642","10.566860","fe80::c30c:0:0:5","fe80::c30c:0:0:4","ICMPv6","76","RPL Control (Destination Advertisement Object)"
"643","10.568868","fe80::c30c:0:0:3","fe80::c30c:0:0:b","ICMPv6","102","RPL Control (DODAG Information Object)"
"644","10.570187","fe80::c30c:0:0:5","fe80::c30c:0:0:4","ICMPv6","76","RPL Control (Destination Advertisement Object)"
"645","10.573513","fe80::c30c:0:0:5","fe80::c30c:0:0:4","ICMPv6","76","RPL Control (Destination Advertisement Object)"
"646","10.573018","fe80::c30c:0:0:3","fe80::c30c:0:0:b","ICMPv6","102","RPL Control (DODAG Information Object)"
"647","10.576839","fe80::c30c:0:0:5","fe80::c30c:0:0:4","ICMPv6","76","RPL Control (Destination Advertisement Object)"
"648","10.577168","fe80::c30c:0:0:3","fe80::c30c:0:0:b","ICMPv6","102","RPL Control (DODAG Information Object)"
"649","10.580164","fe80::c30c:0:0:5","fe80::c30c:0:0:4","ICMPv6","76","RPL Control (Destination Advertisement Object)"
"650","10.581319","fe80::c30c:0:0:3","fe80::c30c:0:0:b","ICMPv6","102","RPL Control (DODAG Information Object)"
"651","10.583492","fe80::c30c:0:0:5","fe80::c30c:0:0:4","ICMPv6","76","RPL Control (Destination Advertisement Object)"
"652","10.585470","fe80::c30c:0:0:3","fe80::c30c:0:0:b","ICMPv6","102","RPL Control (DODAG Information Object)"
"653","10.586817","fe80::c30c:0:0:5","fe80::c30c:0:0:4","ICMPv6","76","RPL Control (Destination Advertisement Object)"
"654","10.590145","fe80::c30c:0:0:5","fe80::c30c:0:0:4","ICMPv6","76","RPL Control (Destination Advertisement Object)"
"655","10.589621","fe80::c30c:0:0:3","fe80::c30c:0:0:b","ICMPv6","102","RPL Control (DODAG Information Object)"
"656","10.593509","fe80::c30c:0:0:5","fe80::c30c:0:0:4","ICMPv6","76","RPL Control (Destination Advertisement Object)"
"657","10.593771","fe80::c30c:0:0:3","fe80::c30c:0:0:b","ICMPv6","102","RPL Control (DODAG Information Object)"
"658","10.596828","fe80::c30c:0:0:5","fe80::c30c:0:0:4","ICMPv6","76","RPL Control (Destination Advertisement Object)"
"659","10.597922","fe80::c30c:0:0:3","fe80::c30c:0:0:b","ICMPv6","102","RPL Control (DODAG Information Object)"
"660","10.600155","fe80::c30c:0:0:5","fe80::c30c:0:0:4","ICMPv6","76","RPL Control (Destination Advertisement Object)"
"661","10.602072","fe80::c30c:0:0:3","fe80::c30c:0:0:b","ICMPv6","102","RPL Control (DODAG Information Object)"
"662","10.603480","fe80::c30c:0:0:5","fe80::c30c:0:0:4","ICMPv6","76","RPL Control (Destination Advertisement Object)"
"663","10.606808","fe80::c30c:0:0:5","fe80::c30c:0:0:4","ICMPv6","76","RPL Control (Destination Advertisement Object)"
"664","10.606221","fe80::c30c:0:0:3","fe80::c30c:0:0:b","ICMPv6","102","RPL Control (DODAG Information Object)"
"665","10.610134","fe80::c30c:0:0:5","fe80::c30c:0:0:4","ICMPv6","76","RPL Control (Destination Advertisement Object)"
"666","10.610372","fe80::c30c:0:0:3","fe80::c30c:0:0:b","ICMPv6","102","RPL Control (DODAG Information Object)"
"667","10.613460","fe80::c30c:0:0:5","fe80::c30c:0:0:4","ICMPv6","76","RPL Control (Destination Advertisement Object)"
"668","10.614522","fe80::c30c:0:0:3","fe80::c30c:0:0:b","ICMPv6","102","RPL Control (DODAG Information Object)"
"669","10.616787","fe80::c30c:0:0:5","fe80::c30c:0:0:4","ICMPv6","76","RPL Control (Destination Advertisement Object)"
"670","10.618672","fe80::c30c:0:0:3","fe80::c30c:0:0:b","ICMPv6","102","RPL Control (DODAG Information Object)"
"671","10.620112","fe80::c30c:0:0:5","fe80::c30c:0:0:4","ICMPv6","76","RPL Control (Destination Advertisement Object)"
"672","10.623409","fe80::c30c:0:0:5","fe80::c30c:0:0:4","ICMPv6","76","RPL Control (Destination Advertisement Object)"
"673","10.622823","fe80::c30c:0:0:3","fe80::c30c:0:0:b","ICMPv6","102","RPL Control (DODAG Information Object)"
"674","10.626734","fe80::c30c:0:0:5","fe80::c30c:0:0:4","ICMPv6","76","RPL Control (Destination Advertisement Object)"
"675","10.626973","fe80::c30c:0:0:3","fe80::c30c:0:0:b","ICMPv6","102","RPL Control (DODAG Information Object)"
"676","10.630062","fe80::c30c:0:0:5","fe80::c30c:0:0:4","ICMPv6","76","RPL Control (Destination Advertisement Object)"
"677","10.631124","fe80::c30c:0:0:3","fe80::c30c:0:0:b","ICMPv6","102","RPL Control (DODAG Information Object)"
"678","10.633389","fe80::c30c:0:0:5","fe80::c30c:0:0:4","ICMPv6","76","RPL Control (Destination Advertisement Object)"
"679","10.635274","fe80::c30c:0:0:3","fe80::c30c:0:0:b","ICMPv6","102","RPL Control (DODAG Information Object)"
"680","10.639425","fe80::c30c:0:0:3","fe80::c30c:0:0:b","ICMPv6","102","RPL Control (DODAG Information Object)"
"681","10.644024","fe80::c30c:0:0:5","fe80::c30c:0:0:4","ICMPv6","76","RPL Control (Destination Advertisement Object)"
"682","10.643575","fe80::c30c:0:0:3","fe80::c30c:0:0:b","ICMPv6","102","RPL Control (DODAG Information Object)"
"683","10.647335","fe80::c30c:0:0:5","fe80::c30c:0:0:4","ICMPv6","76","RPL Control (Destination Advertisement Object)"
"684","10.647726","fe80::c30c:0:0:3","fe80::c30c:0:0:b","ICMPv6","102","RPL Control (DODAG Information Object)"
"685","10.650660","fe80::c30c:0:0:5","fe80::c30c:0:0:4","ICMPv6","76","RPL Control (Destination Advertisement Object)"
"686","10.651875","fe80::c30c:0:0:3","fe80::c30c:0:0:b","ICMPv6","102","RPL Control (DODAG Information Object)"
"687","10.653988","fe80::c30c:0:0:5","fe80::c30c:0:0:4","ICMPv6","76","RPL Control (Destination Advertisement Object)"
"688","10.656027","fe80::c30c:0:0:3","fe80::c30c:0:0:b","ICMPv6","102","RPL Control (DODAG Information Object)"
"689","10.657314","fe80::c30c:0:0:5","fe80::c30c:0:0:4","ICMPv6","76","RPL Control (Destination Advertisement Object)"
"690","10.660639","fe80::c30c:0:0:5","fe80::c30c:0:0:4","ICMPv6","76","RPL Control (Destination Advertisement Object)"
"691","10.660177","fe80::c30c:0:0:3","fe80::c30c:0:0:b","ICMPv6","102","RPL Control (DODAG Information Object)"
"692","10.663936","fe80::c30c:0:0:5","fe80::c30c:0:0:4","ICMPv6","76","RPL Control (Destination Advertisement Object)"
"693","10.664326","fe80::c30c:0:0:3","fe80::c30c:0:0:b","ICMPv6","102","RPL Control (DODAG Information Object)"
"694","10.667262","fe80::c30c:0:0:5","fe80::c30c:0:0:4","ICMPv6","76","RPL Control (Destination Advertisement Object)"
"695","10.670589","fe80::c30c:0:0:5","fe80::c30c:0:0:4","ICMPv6","76","RPL Control (Destination Advertisement Object)"
"696","10.673916","fe80::c30c:0:0:5","fe80::c30c:0:0:4","ICMPv6","76","RPL Control (Destination Advertisement Object)"
"697","10.675601","fe80::c30c:0:0:3","fe80::c30c:0:0:b","ICMPv6","102","RPL Control (DODAG Information Object)"
"698","10.677242","fe80::c30c:0:0:5","fe80::c30c:0:0:4","ICMPv6","76","RPL Control (Destination Advertisement Object)"
"699","10.679738","fe80::c30c:0:0:3","fe80::c30c:0:0:b","ICMPv6","102","RPL Control (DODAG Information Object)"
"700","10.680569","fe80::c30c:0:0:5","fe80::c30c:0:0:4","ICMPv6","76","RPL Control (Destination Advertisement Object)"
"701","10.683895","fe80::c30c:0:0:5","fe80::c30c:0:0:4","ICMPv6","76","RPL Control (Destination Advertisement Object)"
"702","10.683889","fe80::c30c:0:0:3","fe80::c30c:0:0:b","ICMPv6","102","RPL Control (DODAG Information Object)"
"703","10.687259","fe80::c30c:0:0:5","fe80::c30c:0:0:4","ICMPv6","76","RPL Control (Destination Advertisement Object)"
"704","10.688040","fe80::c30c:0:0:3","fe80::c30c:0:0:b","ICMPv6","102","RPL Control (DODAG Information Object)"
"705","10.690578","fe80::c30c:0:0:5","fe80::c30c:0:0:4","ICMPv6","76","RPL Control (Destination Advertisement Object)"
"706","10.692221","fe80::c30c:0:0:3","fe80::c30c:0:0:b","ICMPv6","102","RPL Control (DODAG Information Object)"
"707","10.693905","fe80::c30c:0:0:5","fe80::c30c:0:0:4","ICMPv6","76","RPL Control (Destination Advertisement Object)"
"708","10.696371","fe80::c30c:0:0:3","fe80::c30c:0:0:b","ICMPv6","102","RPL Control (DODAG Information Object)"
"709","10.697230","fe80::c30c:0:0:5","fe80::c30c:0:0:4","ICMPv6","76","RPL Control (Destination Advertisement Object)"
"710","10.700558","fe80::c30c:0:0:5","fe80::c30c:0:0:4","ICMPv6","76","RPL Control (Destination Advertisement Object)"
"711","10.700521","fe80::c30c:0:0:3","fe80::c30c:0:0:b","ICMPv6","102","RPL Control (DODAG Information Object)"
"712","10.703884","fe80::c30c:0:0:5","fe80::c30c:0:0:4","ICMPv6","76","RPL Control (Destination Advertisement Object)"
"713","10.704671","fe80::c30c:0:0:3","fe80::c30c:0:0:b","ICMPv6","102","RPL Control (DODAG Information Object)"
"714","10.707210","fe80::c30c:0:0:5","fe80::c30c:0:0:4","ICMPv6","76","RPL Control (Destination Advertisement Object)"
"715","10.708821","fe80::c30c:0:0:3","fe80::c30c:0:0:b","ICMPv6","102","RPL Control (DODAG Information Object)"
"716","10.710537","fe80::c30c:0:0:5","fe80::c30c:0:0:4","ICMPv6","76","RPL Control (Destination Advertisement Object)"
"717","10.712973","fe80::c30c:0:0:3","fe80::c30c:0:0:b","ICMPv6","102","RPL Control (DODAG Information Object)"
"718","10.713862","fe80::c30c:0:0:5","fe80::c30c:0:0:4","ICMPv6","76","RPL Control (Destination Advertisement Object)"
"719","10.717190","fe80::c30c:0:0:5","fe80::c30c:0:0:4","ICMPv6","76","RPL Control (Destination Advertisement Object)"
"720","10.717123","fe80::c30c:0:0:3","fe80::c30c:0:0:b","ICMPv6","102","RPL Control (DODAG Information Object)"
"721","10.720516","fe80::c30c:0:0:5","fe80::c30c:0:0:4","ICMPv6","76","RPL Control (Destination Advertisement Object)"
"722","10.721274","fe80::c30c:0:0:3","fe80::c30c:0:0:b","ICMPv6","102","RPL Control (DODAG Information Object)"
"723","10.723841","fe80::c30c:0:0:5","fe80::c30c:0:0:4","ICMPv6","76","RPL Control (Destination Advertisement Object)"
"724","10.725422","fe80::c30c:0:0:3","fe80::c30c:0:0:b","ICMPv6","102","RPL Control (DODAG Information Object)"
"725","10.727169","fe80::c30c:0:0:5","fe80::c30c:0:0:4","ICMPv6","76","RPL Control (Destination Advertisement Object)"
"726","10.729573","fe80::c30c:0:0:3","fe80::c30c:0:0:b","ICMPv6","102","RPL Control (DODAG Information Object)"
"727","10.730495","fe80::c30c:0:0:5","fe80::c30c:0:0:4","ICMPv6","76","RPL Control (Destination Advertisement Object)"
"728","10.733820","fe80::c30c:0:0:5","fe80::c30c:0:0:4","ICMPv6","76","RPL Control (Destination Advertisement Object)"
"729","10.733724","fe80::c30c:0:0:3","fe80::c30c:0:0:b","ICMPv6","102","RPL Control (DODAG Information Object)"
"730","10.737148","fe80::c30c:0:0:5","fe80::c30c:0:0:4","ICMPv6","76","RPL Control (Destination Advertisement Object)"
"731","10.737874","fe80::c30c:0:0:3","fe80::c30c:0:0:b","ICMPv6","102","RPL Control (DODAG Information Object)"
"732","10.740473","fe80::c30c:0:0:5","fe80::c30c:0:0:4","ICMPv6","76","RPL Control (Destination Advertisement Object)"
"733","10.742024","fe80::c30c:0:0:3","fe80::c30c:0:0:b","ICMPv6","102","RPL Control (DODAG Information Object)"
"734","10.743801","fe80::c30c:0:0:5","fe80::c30c:0:0:4","ICMPv6","76","RPL Control (Destination Advertisement Object)"
"735","10.746175","fe80::c30c:0:0:3","fe80::c30c:0:0:b","ICMPv6","102","RPL Control (DODAG Information Object)"
"736","10.747127","fe80::c30c:0:0:5","fe80::c30c:0:0:4","ICMPv6","76","RPL Control (Destination Advertisement Object)"
"737","10.750452","fe80::c30c:0:0:5","fe80::c30c:0:0:4","ICMPv6","76","RPL Control (Destination Advertisement Object)"
"738","10.750325","fe80::c30c:0:0:3","fe80::c30c:0:0:b","ICMPv6","102","RPL Control (DODAG Information Object)"
"739","10.753749","fe80::c30c:0:0:5","fe80::c30c:0:0:4","ICMPv6","76","RPL Control (Destination Advertisement Object)"
"740","10.754476","fe80::c30c:0:0:3","fe80::c30c:0:0:b","ICMPv6","102","RPL Control (DODAG Information Object)"
"741","10.757074","fe80::c30c:0:0:5","fe80::c30c:0:0:4","ICMPv6","76","RPL Control (Destination Advertisement Object)"
"742","10.758626","fe80::c30c:0:0:3","fe80::c30c:0:0:b","ICMPv6","102","RPL Control (DODAG Information Object)"
"743","10.760401","fe80::c30c:0:0:5","fe80::c30c:0:0:4","ICMPv6","76","RPL Control (Destination Advertisement Object)"
"744","10.762777","fe80::c30c:0:0:3","fe80::c30c:0:0:b","ICMPv6","102","RPL Control (DODAG Information Object)"
"745","10.763697","fe80::c30c:0:0:5","fe80::c30c:0:0:4","ICMPv6","76","RPL Control (Destination Advertisement Object)"
"746","10.767025","fe80::c30c:0:0:5","fe80::c30c:0:0:4","ICMPv6","76","RPL Control (Destination Advertisement Object)"
"747","10.766927","fe80::c30c:0:0:3","fe80::c30c:0:0:b","ICMPv6","102","RPL Control (DODAG Information Object)"
"748","10.770351","fe80::c30c:0:0:5","fe80::c30c:0:0:4","ICMPv6","76","RPL Control (Destination Advertisement Object)"
"749","10.771078","fe80::c30c:0:0:3","fe80::c30c:0:0:b","ICMPv6","102","RPL Control (DODAG Information Object)"
"750","10.775229","fe80::c30c:0:0:3","fe80::c30c:0:0:b","ICMPv6","102","RPL Control (DODAG Information Object)"
"751","10.779378","fe80::c30c:0:0:3","fe80::c30c:0:0:b","ICMPv6","102","RPL Control (DODAG Information Object)"
"752","10.780679","fe80::c30c:0:0:5","fe80::c30c:0:0:4","ICMPv6","76","RPL Control (Destination Advertisement Object)"
"753","10.783993","fe80::c30c:0:0:5","fe80::c30c:0:0:4","ICMPv6","76","RPL Control (Destination Advertisement Object)"
"754","10.783528","fe80::c30c:0:0:3","fe80::c30c:0:0:b","ICMPv6","102","RPL Control (DODAG Information Object)"
"755","10.787319","fe80::c30c:0:0:5","fe80::c30c:0:0:4","ICMPv6","76","RPL Control (Destination Advertisement Object)"
"756","10.787679","fe80::c30c:0:0:3","fe80::c30c:0:0:b","ICMPv6","102","RPL Control (DODAG Information Object)"
"757","10.790645","fe80::c30c:0:0:5","fe80::c30c:0:0:4","ICMPv6","76","RPL Control (Destination Advertisement Object)"
"758","10.791830","fe80::c30c:0:0:3","fe80::c30c:0:0:b","ICMPv6","102","RPL Control (DODAG Information Object)"
"759","10.793940","fe80::c30c:0:0:5","fe80::c30c:0:0:4","ICMPv6","76","RPL Control (Destination Advertisement Object)"
"760","10.795981","fe80::c30c:0:0:3","fe80::c30c:0:0:b","ICMPv6","102","RPL Control (DODAG Information Object)"
"761","10.797268","fe80::c30c:0:0:5","fe80::c30c:0:0:4","ICMPv6","76","RPL Control (Destination Advertisement Object)"
"762","10.800594","fe80::c30c:0:0:5","fe80::c30c:0:0:4","ICMPv6","76","RPL Control (Destination Advertisement Object)"
"763","10.800131","fe80::c30c:0:0:3","fe80::c30c:0:0:b","ICMPv6","102","RPL Control (DODAG Information Object)"
"764","10.803920","fe80::c30c:0:0:5","fe80::c30c:0:0:4","ICMPv6","76","RPL Control (Destination Advertisement Object)"
"765","10.807247","fe80::c30c:0:0:5","fe80::c30c:0:0:4","ICMPv6","76","RPL Control (Destination Advertisement Object)"
"766","10.810573","fe80::c30c:0:0:5","fe80::c30c:0:0:4","ICMPv6","76","RPL Control (Destination Advertisement Object)"
"767","10.811831","fe80::c30c:0:0:3","fe80::c30c:0:0:b","ICMPv6","102","RPL Control (DODAG Information Object)"
"768","10.813900","fe80::c30c:0:0:5","fe80::c30c:0:0:4","ICMPv6","76","RPL Control (Destination Advertisement Object)"
"769","10.815969","fe80::c30c:0:0:3","fe80::c30c:0:0:b","ICMPv6","102","RPL Control (DODAG Information Object)"
"770","10.817225","fe80::c30c:0:0:5","fe80::c30c:0:0:4","ICMPv6","76","RPL Control (Destination Advertisement Object)"
"771","10.820551","fe80::c30c:0:0:5","fe80::c30c:0:0:4","ICMPv6","76","RPL Control (Destination Advertisement Object)"
"772","10.820119","fe80::c30c:0:0:3","fe80::c30c:0:0:b","ICMPv6","102","RPL Control (DODAG Information Object)"
"773","10.823847","fe80::c30c:0:0:5","fe80::c30c:0:0:4","ICMPv6","76","RPL Control (Destination Advertisement Object)"
"774","10.824269","fe80::c30c:0:0:3","fe80::c30c:0:0:b","ICMPv6","102","RPL Control (DODAG Information Object)"
"775","10.827175","fe80::c30c:0:0:5","fe80::c30c:0:0:4","ICMPv6","76","RPL Control (Destination Advertisement Object)"
"776","10.828420","fe80::c30c:0:0:3","fe80::c30c:0:0:b","ICMPv6","102","RPL Control (DODAG Information Object)"
"777","10.830500","fe80::c30c:0:0:5","fe80::c30c:0:0:4","ICMPv6","76","RPL Control (Destination Advertisement Object)"
"778","10.832570","fe80::c30c:0:0:3","fe80::c30c:0:0:b","ICMPv6","102","RPL Control (DODAG Information Object)"
"779","10.833828","fe80::c30c:0:0:5","fe80::c30c:0:0:4","ICMPv6","76","RPL Control (Destination Advertisement Object)"
"780","10.837154","fe80::c30c:0:0:5","fe80::c30c:0:0:4","ICMPv6","76","RPL Control (Destination Advertisement Object)"
"781","10.836720","fe80::c30c:0:0:3","fe80::c30c:0:0:b","ICMPv6","102","RPL Control (DODAG Information Object)"
"782","10.840531","fe80::c30c:0:0:5","fe80::c30c:0:0:4","ICMPv6","76","RPL Control (Destination Advertisement Object)"
"783","10.840871","fe80::c30c:0:0:3","fe80::c30c:0:0:b","ICMPv6","102","RPL Control (DODAG Information Object)"
"784","10.843836","fe80::c30c:0:0:5","fe80::c30c:0:0:4","ICMPv6","76","RPL Control (Destination Advertisement Object)"
"785","10.845021","fe80::c30c:0:0:3","fe80::c30c:0:0:b","ICMPv6","102","RPL Control (DODAG Information Object)"
"786","10.847164","fe80::c30c:0:0:5","fe80::c30c:0:0:4","ICMPv6","76","RPL Control (Destination Advertisement Object)"
"787","10.849171","fe80::c30c:0:0:3","fe80::c30c:0:0:b","ICMPv6","102","RPL Control (DODAG Information Object)"
"788","10.850490","fe80::c30c:0:0:5","fe80::c30c:0:0:4","ICMPv6","76","RPL Control (Destination Advertisement Object)"
"789","10.853816","fe80::c30c:0:0:5","fe80::c30c:0:0:4","ICMPv6","76","RPL Control (Destination Advertisement Object)"
"790","10.853323","fe80::c30c:0:0:3","fe80::c30c:0:0:b","ICMPv6","102","RPL Control (DODAG Information Object)"
"791","10.857143","fe80::c30c:0:0:5","fe80::c30c:0:0:4","ICMPv6","76","RPL Control (Destination Advertisement Object)"
"792","10.857473","fe80::c30c:0:0:3","fe80::c30c:0:0:b","ICMPv6","102","RPL Control (DODAG Information Object)"
"793","10.860470","fe80::c30c:0:0:5","fe80::c30c:0:0:4","ICMPv6","76","RPL Control (Destination Advertisement Object)"
"794","10.861623","fe80::c30c:0:0:3","fe80::c30c:0:0:b","ICMPv6","102","RPL Control (DODAG Information Object)"
"795","10.863794","fe80::c30c:0:0:5","fe80::c30c:0:0:4","ICMPv6","76","RPL Control (Destination Advertisement Object)"
"796","10.865774","fe80::c30c:0:0:3","fe80::c30c:0:0:b","ICMPv6","102","RPL Control (DODAG Information Object)"
"797","10.867091","fe80::c30c:0:0:5","fe80::c30c:0:0:4","ICMPv6","76","RPL Control (Destination Advertisement Object)"
"798","10.870417","fe80::c30c:0:0:5","fe80::c30c:0:0:4","ICMPv6","76","RPL Control (Destination Advertisement Object)"
"799","10.869924","fe80::c30c:0:0:3","fe80::c30c:0:0:b","ICMPv6","102","RPL Control (DODAG Information Object)"
"800","10.873745","fe80::c30c:0:0:5","fe80::c30c:0:0:4","ICMPv6","76","RPL Control (Destination Advertisement Object)"
"801","10.874075","fe80::c30c:0:0:3","fe80::c30c:0:0:b","ICMPv6","102","RPL Control (DODAG Information Object)"
"802","10.877071","fe80::c30c:0:0:5","fe80::c30c:0:0:4","ICMPv6","76","RPL Control (Destination Advertisement Object)"
"803","10.878226","fe80::c30c:0:0:3","fe80::c30c:0:0:b","ICMPv6","102","RPL Control (DODAG Information Object)"
"804","10.880396","fe80::c30c:0:0:5","fe80::c30c:0:0:4","ICMPv6","76","RPL Control (Destination Advertisement Object)"
"805","10.882375","fe80::c30c:0:0:3","fe80::c30c:0:0:b","ICMPv6","102","RPL Control (DODAG Information Object)"
"806","10.883723","fe80::c30c:0:0:5","fe80::c30c:0:0:4","ICMPv6","76","RPL Control (Destination Advertisement Object)"
"807","10.887020","fe80::c30c:0:0:5","fe80::c30c:0:0:4","ICMPv6","76","RPL Control (Destination Advertisement Object)"
"808","10.886525","fe80::c30c:0:0:3","fe80::c30c:0:0:b","ICMPv6","102","RPL Control (DODAG Information Object)"
"809","10.890384","fe80::c30c:0:0:5","fe80::c30c:0:0:4","ICMPv6","76","RPL Control (Destination Advertisement Object)"
"810","10.890675","fe80::c30c:0:0:3","fe80::c30c:0:0:b","ICMPv6","102","RPL Control (DODAG Information Object)"
"811","10.893703","fe80::c30c:0:0:5","fe80::c30c:0:0:4","ICMPv6","76","RPL Control (Destination Advertisement Object)"
"812","10.894826","fe80::c30c:0:0:3","fe80::c30c:0:0:b","ICMPv6","102","RPL Control (DODAG Information Object)"
"813","10.897030","fe80::c30c:0:0:5","fe80::c30c:0:0:4","ICMPv6","76","RPL Control (Destination Advertisement Object)"
"814","10.898977","fe80::c30c:0:0:3","fe80::c30c:0:0:b","ICMPv6","102","RPL Control (DODAG Information Object)"
"815","10.900355","fe80::c30c:0:0:5","fe80::c30c:0:0:4","ICMPv6","76","RPL Control (Destination Advertisement Object)"
"816","10.903683","fe80::c30c:0:0:5","fe80::c30c:0:0:4","ICMPv6","76","RPL Control (Destination Advertisement Object)"
"817","10.903157","fe80::c30c:0:0:3","fe80::c30c:0:0:b","ICMPv6","102","RPL Control (DODAG Information Object)"
"818","10.907009","fe80::c30c:0:0:5","fe80::c30c:0:0:4","ICMPv6","76","RPL Control (Destination Advertisement Object)"
"819","10.907308","fe80::c30c:0:0:3","fe80::c30c:0:0:b","ICMPv6","102","RPL Control (DODAG Information Object)"
"820","10.911459","fe80::c30c:0:0:3","fe80::c30c:0:0:b","ICMPv6","102","RPL Control (DODAG Information Object)"
"821","10.915609","fe80::c30c:0:0:3","fe80::c30c:0:0:b","ICMPv6","102","RPL Control (DODAG Information Object)"
"822","10.917367","fe80::c30c:0:0:5","fe80::c30c:0:0:4","ICMPv6","76","RPL Control (Destination Advertisement Object)"
"823","10.919760","fe80::c30c:0:0:3","fe80::c30c:0:0:b","ICMPv6","102","RPL Control (DODAG Information Object)"
"824","10.920681","fe80::c30c:0:0:5","fe80::c30c:0:0:4","ICMPv6","76","RPL Control (Destination Advertisement Object)"
"825","10.924007","fe80::c30c:0:0:5","fe80::c30c:0:0:4","ICMPv6","76","RPL Control (Destination Advertisement Object)"
"826","10.923910","fe80::c30c:0:0:3","fe80::c30c:0:0:b","ICMPv6","102","RPL Control (DODAG Information Object)"
"827","10.927333","fe80::c30c:0:0:5","fe80::c30c:0:0:4","ICMPv6","76","RPL Control (Destination Advertisement Object)"
"828","10.928061","fe80::c30c:0:0:3","fe80::c30c:0:0:b","ICMPv6","102","RPL Control (DODAG Information Object)"
"829","10.930659","fe80::c30c:0:0:5","fe80::c30c:0:0:4","ICMPv6","76","RPL Control (Destination Advertisement Object)"
"830","10.932211","fe80::c30c:0:0:3","fe80::c30c:0:0:b","ICMPv6","102","RPL Control (DODAG Information Object)"
"831","10.933955","fe80::c30c:0:0:5","fe80::c30c:0:0:4","ICMPv6","76","RPL Control (Destination Advertisement Object)"
"832","10.936360","fe80::c30c:0:0:3","fe80::c30c:0:0:b","ICMPv6","102","RPL Control (DODAG Information Object)"
"833","10.937289","fe80::c30c:0:0:5","fe80::c30c:0:0:4","ICMPv6","76","RPL Control (Destination Advertisement Object)"
"834","10.940609","fe80::c30c:0:0:5","fe80::c30c:0:0:4","ICMPv6","76","RPL Control (Destination Advertisement Object)"
"835","10.943934","fe80::c30c:0:0:5","fe80::c30c:0:0:4","ICMPv6","76","RPL Control (Destination Advertisement Object)"
"836","10.947261","fe80::c30c:0:0:5","fe80::c30c:0:0:4","ICMPv6","76","RPL Control (Destination Advertisement Object)"
"837","10.947657","fe80::c30c:0:0:3","fe80::c30c:0:0:b","ICMPv6","102","RPL Control (DODAG Information Object)"
"838","10.950588","fe80::c30c:0:0:5","fe80::c30c:0:0:4","ICMPv6","76","RPL Control (Destination Advertisement Object)"
"839","10.951803","fe80::c30c:0:0:3","fe80::c30c:0:0:b","ICMPv6","102","RPL Control (DODAG Information Object)"
"840","10.953913","fe80::c30c:0:0:5","fe80::c30c:0:0:4","ICMPv6","76","RPL Control (Destination Advertisement Object)"
"841","10.955954","fe80::c30c:0:0:3","fe80::c30c:0:0:b","ICMPv6","102","RPL Control (DODAG Information Object)"
"842","10.957241","fe80::c30c:0:0:5","fe80::c30c:0:0:4","ICMPv6","76","RPL Control (Destination Advertisement Object)"
"843","10.960567","fe80::c30c:0:0:5","fe80::c30c:0:0:4","ICMPv6","76","RPL Control (Destination Advertisement Object)"
"844","10.960104","fe80::c30c:0:0:3","fe80::c30c:0:0:b","ICMPv6","102","RPL Control (DODAG Information Object)"
"845","10.963892","fe80::c30c:0:0:5","fe80::c30c:0:0:4","ICMPv6","76","RPL Control (Destination Advertisement Object)"
"846","10.964254","fe80::c30c:0:0:3","fe80::c30c:0:0:b","ICMPv6","102","RPL Control (DODAG Information Object)"
"847","10.967220","fe80::c30c:0:0:5","fe80::c30c:0:0:4","ICMPv6","76","RPL Control (Destination Advertisement Object)"
"848","10.968404","fe80::c30c:0:0:3","fe80::c30c:0:0:b","ICMPv6","102","RPL Control (DODAG Information Object)"
"849","10.970547","fe80::c30c:0:0:5","fe80::c30c:0:0:4","ICMPv6","76","RPL Control (Destination Advertisement Object)"
"850","10.972555","fe80::c30c:0:0:3","fe80::c30c:0:0:b","ICMPv6","102","RPL Control (DODAG Information Object)"
"851","10.973871","fe80::c30c:0:0:5","fe80::c30c:0:0:4","ICMPv6","76","RPL Control (Destination Advertisement Object)"
"852","10.977198","fe80::c30c:0:0:5","fe80::c30c:0:0:4","ICMPv6","76","RPL Control (Destination Advertisement Object)"
"853","10.976704","fe80::c30c:0:0:3","fe80::c30c:0:0:b","ICMPv6","102","RPL Control (DODAG Information Object)"
"854","10.980526","fe80::c30c:0:0:5","fe80::c30c:0:0:4","ICMPv6","76","RPL Control (Destination Advertisement Object)"
"855","10.980894","fe80::c30c:0:0:3","fe80::c30c:0:0:b","ICMPv6","102","RPL Control (DODAG Information Object)"
"856","10.983852","fe80::c30c:0:0:5","fe80::c30c:0:0:4","ICMPv6","76","RPL Control (Destination Advertisement Object)"
"857","10.985035","fe80::c30c:0:0:3","fe80::c30c:0:0:b","ICMPv6","102","RPL Control (DODAG Information Object)"
"858","10.987179","fe80::c30c:0:0:5","fe80::c30c:0:0:4","ICMPv6","76","RPL Control (Destination Advertisement Object)"
"859","10.989186","fe80::c30c:0:0:3","fe80::c30c:0:0:b","ICMPv6","102","RPL Control (DODAG Information Object)"
"860","10.990504","fe80::c30c:0:0:5","fe80::c30c:0:0:4","ICMPv6","76","RPL Control (Destination Advertisement Object)"
"861","10.993830","fe80::c30c:0:0:5","fe80::c30c:0:0:4","ICMPv6","76","RPL Control (Destination Advertisement Object)"
"862","10.993338","fe80::c30c:0:0:3","fe80::c30c:0:0:b","ICMPv6","102","RPL Control (DODAG Information Object)"
"863","10.997126","fe80::c30c:0:0:5","fe80::c30c:0:0:4","ICMPv6","76","RPL Control (Destination Advertisement Object)"
"864","10.997488","fe80::c30c:0:0:3","fe80::c30c:0:0:b","ICMPv6","102","RPL Control (DODAG Information Object)"
"865","11.000423","fe80::c30c:0:0:5","fe80::c30c:0:0:4","ICMPv6","76","RPL Control (Destination Advertisement Object)"
"866","11.001639","fe80::c30c:0:0:3","fe80::c30c:0:0:b","ICMPv6","102","RPL Control (DODAG Information Object)"
"867","11.003749","fe80::c30c:0:0:5","fe80::c30c:0:0:4","ICMPv6","76","RPL Control (Destination Advertisement Object)"
"868","11.005787","fe80::c30c:0:0:3","fe80::c30c:0:0:b","ICMPv6","102","RPL Control (DODAG Information Object)"
"869","11.007074","fe80::c30c:0:0:5","fe80::c30c:0:0:4","ICMPv6","76","RPL Control (Destination Advertisement Object)"
"870","11.010372","fe80::c30c:0:0:5","fe80::c30c:0:0:4","ICMPv6","76","RPL Control (Destination Advertisement Object)"
"871","11.009938","fe80::c30c:0:0:3","fe80::c30c:0:0:b","ICMPv6","102","RPL Control (DODAG Information Object)"
"872","11.013698","fe80::c30c:0:0:5","fe80::c30c:0:0:4","ICMPv6","76","RPL Control (Destination Advertisement Object)"
"873","11.014090","fe80::c30c:0:0:3","fe80::c30c:0:0:b","ICMPv6","102","RPL Control (DODAG Information Object)"
"874","11.017025","fe80::c30c:0:0:5","fe80::c30c:0:0:4","ICMPv6","76","RPL Control (Destination Advertisement Object)"
"875","11.018240","fe80::c30c:0:0:3","fe80::c30c:0:0:b","ICMPv6","102","RPL Control (DODAG Information Object)"
"876","11.020350","fe80::c30c:0:0:5","fe80::c30c:0:0:4","ICMPv6","76","RPL Control (Destination Advertisement Object)"
"877","11.022391","fe80::c30c:0:0:3","fe80::c30c:0:0:b","ICMPv6","102","RPL Control (DODAG Information Object)"
"878","11.023676","fe80::c30c:0:0:5","fe80::c30c:0:0:4","ICMPv6","76","RPL Control (Destination Advertisement Object)"
"879","11.026973","fe80::c30c:0:0:5","fe80::c30c:0:0:4","ICMPv6","76","RPL Control (Destination Advertisement Object)"
"880","11.026540","fe80::c30c:0:0:3","fe80::c30c:0:0:b","ICMPv6","102","RPL Control (DODAG Information Object)"
"881","11.030298","fe80::c30c:0:0:5","fe80::c30c:0:0:4","ICMPv6","76","RPL Control (Destination Advertisement Object)"
"882","11.030691","fe80::c30c:0:0:3","fe80::c30c:0:0:b","ICMPv6","102","RPL Control (DODAG Information Object)"
"883","11.033596","fe80::c30c:0:0:5","fe80::c30c:0:0:4","ICMPv6","76","RPL Control (Destination Advertisement Object)"
"884","11.034842","fe80::c30c:0:0:3","fe80::c30c:0:0:b","ICMPv6","102","RPL Control (DODAG Information Object)"
"885","11.036921","fe80::c30c:0:0:5","fe80::c30c:0:0:4","ICMPv6","76","RPL Control (Destination Advertisement Object)"
"886","11.038992","fe80::c30c:0:0:3","fe80::c30c:0:0:b","ICMPv6","102","RPL Control (DODAG Information Object)"
"887","11.040218","fe80::c30c:0:0:5","fe80::c30c:0:0:4","ICMPv6","76","RPL Control (Destination Advertisement Object)"
"888","11.043544","fe80::c30c:0:0:5","fe80::c30c:0:0:4","ICMPv6","76","RPL Control (Destination Advertisement Object)"
"889","11.043143","fe80::c30c:0:0:3","fe80::c30c:0:0:b","ICMPv6","102","RPL Control (DODAG Information Object)"
"890","11.047293","fe80::c30c:0:0:3","fe80::c30c:0:0:b","ICMPv6","102","RPL Control (DODAG Information Object)"
"891","11.051443","fe80::c30c:0:0:3","fe80::c30c:0:0:b","ICMPv6","102","RPL Control (DODAG Information Object)"
"892","11.053903","fe80::c30c:0:0:5","fe80::c30c:0:0:4","ICMPv6","76","RPL Control (Destination Advertisement Object)"
"893","11.055594","fe80::c30c:0:0:3","fe80::c30c:0:0:b","ICMPv6","102","RPL Control (DODAG Information Object)"
"894","11.057216","fe80::c30c:0:0:5","fe80::c30c:0:0:4","ICMPv6","76","RPL Control (Destination Advertisement Object)"
"895","11.060511","fe80::c30c:0:0:5","fe80::c30c:0:0:4","ICMPv6","76","RPL Control (Destination Advertisement Object)"
"896","11.059744","fe80::c30c:0:0:3","fe80::c30c:0:0:b","ICMPv6","102","RPL Control (DODAG Information Object)"
"897","11.063839","fe80::c30c:0:0:5","fe80::c30c:0:0:4","ICMPv6","76","RPL Control (Destination Advertisement Object)"
"898","11.063895","fe80::c30c:0:0:3","fe80::c30c:0:0:b","ICMPv6","102","RPL Control (DODAG Information Object)"
"899","11.067165","fe80::c30c:0:0:5","fe80::c30c:0:0:4","ICMPv6","76","RPL Control (Destination Advertisement Object)"
"900","11.068044","fe80::c30c:0:0:3","fe80::c30c:0:0:b","ICMPv6","102","RPL Control (DODAG Information Object)"
"901","11.070522","fe80::c30c:0:0:5","fe80::c30c:0:0:4","ICMPv6","76","RPL Control (Destination Advertisement Object)"
"902","11.072194","fe80::c30c:0:0:3","fe80::c30c:0:0:b","ICMPv6","102","RPL Control (DODAG Information Object)"
"903","11.073848","fe80::c30c:0:0:5","fe80::c30c:0:0:4","ICMPv6","76","RPL Control (Destination Advertisement Object)"
"904","11.077173","fe80::c30c:0:0:5","fe80::c30c:0:0:4","ICMPv6","76","RPL Control (Destination Advertisement Object)"
"905","11.080500","fe80::c30c:0:0:5","fe80::c30c:0:0:4","ICMPv6","76","RPL Control (Destination Advertisement Object)"
"906","11.083797","fe80::c30c:0:0:5","fe80::c30c:0:0:4","ICMPv6","76","RPL Control (Destination Advertisement Object)"
"907","11.083835","fe80::c30c:0:0:3","fe80::c30c:0:0:b","ICMPv6","102","RPL Control (DODAG Information Object)"
"908","11.087124","fe80::c30c:0:0:5","fe80::c30c:0:0:4","ICMPv6","76","RPL Control (Destination Advertisement Object)"
"909","11.087972","fe80::c30c:0:0:3","fe80::c30c:0:0:b","ICMPv6","102","RPL Control (DODAG Information Object)"
"910","11.090500","fe80::c30c:0:0:5","fe80::c30c:0:0:4","ICMPv6","76","RPL Control (Destination Advertisement Object)"
"911","11.092122","fe80::c30c:0:0:3","fe80::c30c:0:0:b","ICMPv6","102","RPL Control (DODAG Information Object)"
"912","11.093807","fe80::c30c:0:0:5","fe80::c30c:0:0:4","ICMPv6","76","RPL Control (Destination Advertisement Object)"
"913","11.096273","fe80::c30c:0:0:3","fe80::c30c:0:0:b","ICMPv6","102","RPL Control (DODAG Information Object)"
"914","11.097133","fe80::c30c:0:0:5","fe80::c30c:0:0:4","ICMPv6","76","RPL Control (Destination Advertisement Object)"
"915","11.100460","fe80::c30c:0:0:5","fe80::c30c:0:0:4","ICMPv6","76","RPL Control (Destination Advertisement Object)"
"916","11.100422","fe80::c30c:0:0:3","fe80::c30c:0:0:b","ICMPv6","102","RPL Control (DODAG Information Object)"
"917","11.103785","fe80::c30c:0:0:5","fe80::c30c:0:0:4","ICMPv6","76","RPL Control (Destination Advertisement Object)"
"918","11.104575","fe80::c30c:0:0:3","fe80::c30c:0:0:b","ICMPv6","102","RPL Control (DODAG Information Object)"
"919","11.107113","fe80::c30c:0:0:5","fe80::c30c:0:0:4","ICMPv6","76","RPL Control (Destination Advertisement Object)"
"920","11.108724","fe80::c30c:0:0:3","fe80::c30c:0:0:b","ICMPv6","102","RPL Control (DODAG Information Object)"
"921","11.110439","fe80::c30c:0:0:5","fe80::c30c:0:0:4","ICMPv6","76","RPL Control (Destination Advertisement Object)"
"922","11.112874","fe80::c30c:0:0:3","fe80::c30c:0:0:b","ICMPv6","102","RPL Control (DODAG Information Object)"
"923","11.113764","fe80::c30c:0:0:5","fe80::c30c:0:0:4","ICMPv6","76","RPL Control (Destination Advertisement Object)"
"924","11.117061","fe80::c30c:0:0:5","fe80::c30c:0:0:4","ICMPv6","76","RPL Control (Destination Advertisement Object)"
"925","11.117025","fe80::c30c:0:0:3","fe80::c30c:0:0:b","ICMPv6","102","RPL Control (DODAG Information Object)"
"926","11.120387","fe80::c30c:0:0:5","fe80::c30c:0:0:4","ICMPv6","76","RPL Control (Destination Advertisement Object)"
"927","11.121176","fe80::c30c:0:0:3","fe80::c30c:0:0:b","ICMPv6","102","RPL Control (DODAG Information Object)"
"928","11.123714","fe80::c30c:0:0:5","fe80::c30c:0:0:4","ICMPv6","76","RPL Control (Destination Advertisement Object)"
"929","11.125326","fe80::c30c:0:0:3","fe80::c30c:0:0:b","ICMPv6","102","RPL Control (DODAG Information Object)"
"930","11.127041","fe80::c30c:0:0:5","fe80::c30c:0:0:4","ICMPv6","76","RPL Control (Destination Advertisement Object)"
"931","11.129477","fe80::c30c:0:0:3","fe80::c30c:0:0:b","ICMPv6","102","RPL Control (DODAG Information Object)"
"932","11.130366","fe80::c30c:0:0:5","fe80::c30c:0:0:4","ICMPv6","76","RPL Control (Destination Advertisement Object)"
"933","11.133694","fe80::c30c:0:0:5","fe80::c30c:0:0:4","ICMPv6","76","RPL Control (Destination Advertisement Object)"
"934","11.133627","fe80::c30c:0:0:3","fe80::c30c:0:0:b","ICMPv6","102","RPL Control (DODAG Information Object)"
"935","11.137018","fe80::c30c:0:0:5","fe80::c30c:0:0:4","ICMPv6","76","RPL Control (Destination Advertisement Object)"
"936","11.137777","fe80::c30c:0:0:3","fe80::c30c:0:0:b","ICMPv6","102","RPL Control (DODAG Information Object)"
"937","11.140354","fe80::c30c:0:0:5","fe80::c30c:0:0:4","ICMPv6","76","RPL Control (Destination Advertisement Object)"
"938","11.141928","fe80::c30c:0:0:3","fe80::c30c:0:0:b","ICMPv6","102","RPL Control (DODAG Information Object)"
"939","11.143673","fe80::c30c:0:0:5","fe80::c30c:0:0:4","ICMPv6","76","RPL Control (Destination Advertisement Object)"
"940","11.146077","fe80::c30c:0:0:3","fe80::c30c:0:0:b","ICMPv6","102","RPL Control (DODAG Information Object)"
"941","11.146998","fe80::c30c:0:0:5","fe80::c30c:0:0:4","ICMPv6","76","RPL Control (Destination Advertisement Object)"
"942","11.150325","fe80::c30c:0:0:5","fe80::c30c:0:0:4","ICMPv6","76","RPL Control (Destination Advertisement Object)"
"943","11.150229","fe80::c30c:0:0:3","fe80::c30c:0:0:b","ICMPv6","102","RPL Control (DODAG Information Object)"
"944","11.153652","fe80::c30c:0:0:5","fe80::c30c:0:0:4","ICMPv6","76","RPL Control (Destination Advertisement Object)"
"945","11.154378","fe80::c30c:0:0:3","fe80::c30c:0:0:b","ICMPv6","102","RPL Control (DODAG Information Object)"
"946","11.156977","fe80::c30c:0:0:5","fe80::c30c:0:0:4","ICMPv6","76","RPL Control (Destination Advertisement Object)"
"947","11.158528","fe80::c30c:0:0:3","fe80::c30c:0:0:b","ICMPv6","102","RPL Control (DODAG Information Object)"
"948","11.160305","fe80::c30c:0:0:5","fe80::c30c:0:0:4","ICMPv6","76","RPL Control (Destination Advertisement Object)"
"949","11.162678","fe80::c30c:0:0:3","fe80::c30c:0:0:b","ICMPv6","102","RPL Control (DODAG Information Object)"
"950","11.163631","fe80::c30c:0:0:5","fe80::c30c:0:0:4","ICMPv6","76","RPL Control (Destination Advertisement Object)"
"951","11.166956","fe80::c30c:0:0:5","fe80::c30c:0:0:4","ICMPv6","76","RPL Control (Destination Advertisement Object)"
"952","11.166830","fe80::c30c:0:0:3","fe80::c30c:0:0:b","ICMPv6","102","RPL Control (DODAG Information Object)"
"953","11.170253","fe80::c30c:0:0:5","fe80::c30c:0:0:4","ICMPv6","76","RPL Control (Destination Advertisement Object)"
"954","11.170979","fe80::c30c:0:0:3","fe80::c30c:0:0:b","ICMPv6","102","RPL Control (DODAG Information Object)"
"955","11.173580","fe80::c30c:0:0:5","fe80::c30c:0:0:4","ICMPv6","76","RPL Control (Destination Advertisement Object)"
"956","11.175131","fe80::c30c:0:0:3","fe80::c30c:0:0:b","ICMPv6","102","RPL Control (DODAG Information Object)"
"957","11.176906","fe80::c30c:0:0:5","fe80::c30c:0:0:4","ICMPv6","76","RPL Control (Destination Advertisement Object)"
"958","11.179280","fe80::c30c:0:0:3","fe80::c30c:0:0:b","ICMPv6","102","RPL Control (DODAG Information Object)"
"959","11.180232","fe80::c30c:0:0:5","fe80::c30c:0:0:4","ICMPv6","76","RPL Control (Destination Advertisement Object)"
"960","11.183430","fe80::c30c:0:0:3","fe80::c30c:0:0:b","ICMPv6","102","RPL Control (DODAG Information Object)"
"961","11.187582","fe80::c30c:0:0:3","fe80::c30c:0:0:b","ICMPv6","102","RPL Control (DODAG Information Object)"
"962","11.190957","fe80::c30c:0:0:5","fe80::c30c:0:0:4","ICMPv6","76","RPL Control (Destination Advertisement Object)"
"963","11.191771","fe80::c30c:0:0:3","fe80::c30c:0:0:b","ICMPv6","102","RPL Control (DODAG Information Object)"
"964","11.194270","fe80::c30c:0:0:5","fe80::c30c:0:0:4","ICMPv6","76","RPL Control (Destination Advertisement Object)"
"965","11.195912","fe80::c30c:0:0:3","fe80::c30c:0:0:b","ICMPv6","102","RPL Control (DODAG Information Object)"
"966","11.197596","fe80::c30c:0:0:5","fe80::c30c:0:0:4","ICMPv6","76","RPL Control (Destination Advertisement Object)"
"967","11.200892","fe80::c30c:0:0:5","fe80::c30c:0:0:4","ICMPv6","76","RPL Control (Destination Advertisement Object)"
"968","11.200062","fe80::c30c:0:0:3","fe80::c30c:0:0:b","ICMPv6","102","RPL Control (DODAG Information Object)"
"969","11.204220","fe80::c30c:0:0:5","fe80::c30c:0:0:4","ICMPv6","76","RPL Control (Destination Advertisement Object)"
"970","11.204213","fe80::c30c:0:0:3","fe80::c30c:0:0:b","ICMPv6","102","RPL Control (DODAG Information Object)"
"971","11.207546","fe80::c30c:0:0:5","fe80::c30c:0:0:4","ICMPv6","76","RPL Control (Destination Advertisement Object)"
"972","11.208364","fe80::c30c:0:0:3","fe80::c30c:0:0:b","ICMPv6","102","RPL Control (DODAG Information Object)"
"973","11.210871","fe80::c30c:0:0:5","fe80::c30c:0:0:4","ICMPv6","76","RPL Control (Destination Advertisement Object)"
"974","11.214198","fe80::c30c:0:0:5","fe80::c30c:0:0:4","ICMPv6","76","RPL Control (Destination Advertisement Object)"
"975","11.217525","fe80::c30c:0:0:5","fe80::c30c:0:0:4","ICMPv6","76","RPL Control (Destination Advertisement Object)"
"976","11.219599","fe80::c30c:0:0:3","fe80::c30c:0:0:b","ICMPv6","102","RPL Control (DODAG Information Object)"
"977","11.220852","fe80::c30c:0:0:5","fe80::c30c:0:0:4","ICMPv6","76","RPL Control (Destination Advertisement Object)"
"978","11.224177","fe80::c30c:0:0:5","fe80::c30c:0:0:4","ICMPv6","76","RPL Control (Destination Advertisement Object)"
"979","11.223744","fe80::c30c:0:0:3","fe80::c30c:0:0:b","ICMPv6","102","RPL Control (DODAG Information Object)"
"980","11.227504","fe80::c30c:0:0:5","fe80::c30c:0:0:4","ICMPv6","76","RPL Control (Destination Advertisement Object)"
"981","11.227895","fe80::c30c:0:0:3","fe80::c30c:0:0:b","ICMPv6","102","RPL Control (DODAG Information Object)"
"982","11.230831","fe80::c30c:0:0:5","fe80::c30c:0:0:4","ICMPv6","76","RPL Control (Destination Advertisement Object)"
"983","11.232046","fe80::c30c:0:0:3","fe80::c30c:0:0:b","ICMPv6","102","RPL Control (DODAG Information Object)"
"984","11.234164","fe80::c30c:0:0:5","fe80::c30c:0:0:4","ICMPv6","76","RPL Control (Destination Advertisement Object)"
"985","11.236196","fe80::c30c:0:0:3","fe80::c30c:0:0:b","ICMPv6","102","RPL Control (DODAG Information Object)"
"986","11.237484","fe80::c30c:0:0:5","fe80::c30c:0:0:4","ICMPv6","76","RPL Control (Destination Advertisement Object)"
"987","11.240809","fe80::c30c:0:0:5","fe80::c30c:0:0:4","ICMPv6","76","RPL Control (Destination Advertisement Object)"
"988","11.240346","fe80::c30c:0:0:3","fe80::c30c:0:0:b","ICMPv6","102","RPL Control (DODAG Information Object)"
"989","11.244136","fe80::c30c:0:0:5","fe80::c30c:0:0:4","ICMPv6","76","RPL Control (Destination Advertisement Object)"
"990","11.244497","fe80::c30c:0:0:3","fe80::c30c:0:0:b","ICMPv6","102","RPL Control (DODAG Information Object)"
"991","11.247463","fe80::c30c:0:0:5","fe80::c30c:0:0:4","ICMPv6","76","RPL Control (Destination Advertisement Object)"
"992","11.248647","fe80::c30c:0:0:3","fe80::c30c:0:0:b","ICMPv6","102","RPL Control (DODAG Information Object)"
"993","11.250788","fe80::c30c:0:0:5","fe80::c30c:0:0:4","ICMPv6","76","RPL Control (Destination Advertisement Object)"
"994","11.252798","fe80::c30c:0:0:3","fe80::c30c:0:0:b","ICMPv6","102","RPL Control (DODAG Information Object)"
"995","11.254116","fe80::c30c:0:0:5","fe80::c30c:0:0:4","ICMPv6","76","RPL Control (Destination Advertisement Object)"
"996","11.257442","fe80::c30c:0:0:5","fe80::c30c:0:0:4","ICMPv6","76","RPL Control (Destination Advertisement Object)"
"997","11.256948","fe80::c30c:0:0:3","fe80::c30c:0:0:b","ICMPv6","102","RPL Control (DODAG Information Object)"
"998","11.260767","fe80::c30c:0:0:5","fe80::c30c:0:0:4","ICMPv6","76","RPL Control (Destination Advertisement Object)"
"999","11.261098","fe80::c30c:0:0:3","fe80::c30c:0:0:b","ICMPv6","102","RPL Control (DODAG Information Object)"
"1000","11.264064","fe80::c30c:0:0:5","fe80::c30c:0:0:4","ICMPv6","76","RPL Control (Destination Advertisement Object)"
"1001","11.265248","fe80::c30c:0:0:3","fe80::c30c:0:0:b","ICMPv6","102","RPL Control (DODAG Information Object)"
"1002","11.267390","fe80::c30c:0:0:5","fe80::c30c:0:0:4","ICMPv6","76","RPL Control (Destination Advertisement Object)"
"1003","11.269399","fe80::c30c:0:0:3","fe80::c30c:0:0:b","ICMPv6","102","RPL Control (DODAG Information Object)"
"1004","11.270717","fe80::c30c:0:0:5","fe80::c30c:0:0:4","ICMPv6","76","RPL Control (Destination Advertisement Object)"
"1005","11.274044","fe80::c30c:0:0:5","fe80::c30c:0:0:4","ICMPv6","76","RPL Control (Destination Advertisement Object)"
"1006","11.273549","fe80::c30c:0:0:3","fe80::c30c:0:0:b","ICMPv6","102","RPL Control (DODAG Information Object)"
"1007","11.277369","fe80::c30c:0:0:5","fe80::c30c:0:0:4","ICMPv6","76","RPL Control (Destination Advertisement Object)"
"1008","11.277737","fe80::c30c:0:0:3","fe80::c30c:0:0:b","ICMPv6","102","RPL Control (DODAG Information Object)"
"1009","11.280665","fe80::c30c:0:0:5","fe80::c30c:0:0:4","ICMPv6","76","RPL Control (Destination Advertisement Object)"
"1010","11.281881","fe80::c30c:0:0:3","fe80::c30c:0:0:b","ICMPv6","102","RPL Control (DODAG Information Object)"
"1011","11.283992","fe80::c30c:0:0:5","fe80::c30c:0:0:4","ICMPv6","76","RPL Control (Destination Advertisement Object)"
"1012","11.286031","fe80::c30c:0:0:3","fe80::c30c:0:0:b","ICMPv6","102","RPL Control (DODAG Information Object)"
"1013","11.287319","fe80::c30c:0:0:5","fe80::c30c:0:0:4","ICMPv6","76","RPL Control (Destination Advertisement Object)"
"1014","11.290645","fe80::c30c:0:0:5","fe80::c30c:0:0:4","ICMPv6","76","RPL Control (Destination Advertisement Object)"
"1015","11.290182","fe80::c30c:0:0:3","fe80::c30c:0:0:b","ICMPv6","102","RPL Control (DODAG Information Object)"
"1016","11.293940","fe80::c30c:0:0:5","fe80::c30c:0:0:4","ICMPv6","76","RPL Control (Destination Advertisement Object)"
"1017","11.294332","fe80::c30c:0:0:3","fe80::c30c:0:0:b","ICMPv6","102","RPL Control (DODAG Information Object)"
"1018","11.297268","fe80::c30c:0:0:5","fe80::c30c:0:0:4","ICMPv6","76","RPL Control (Destination Advertisement Object)"
"1019","11.298482","fe80::c30c:0:0:3","fe80::c30c:0:0:b","ICMPv6","102","RPL Control (DODAG Information Object)"
"1020","11.300594","fe80::c30c:0:0:5","fe80::c30c:0:0:4","ICMPv6","76","RPL Control (Destination Advertisement Object)"
"1021","11.302632","fe80::c30c:0:0:3","fe80::c30c:0:0:b","ICMPv6","102","RPL Control (DODAG Information Object)"
"1022","11.303920","fe80::c30c:0:0:5","fe80::c30c:0:0:4","ICMPv6","76","RPL Control (Destination Advertisement Object)"
"1023","11.307247","fe80::c30c:0:0:5","fe80::c30c:0:0:4","ICMPv6","76","RPL Control (Destination Advertisement Object)"
"1024","11.306783","fe80::c30c:0:0:3","fe80::c30c:0:0:b","ICMPv6","102","RPL Control (DODAG Information Object)"
"1025","11.310573","fe80::c30c:0:0:5","fe80::c30c:0:0:4","ICMPv6","76","RPL Control (Destination Advertisement Object)"
"1026","11.310933","fe80::c30c:0:0:3","fe80::c30c:0:0:b","ICMPv6","102","RPL Control (DODAG Information Object)"
"1027","11.313900","fe80::c30c:0:0:5","fe80::c30c:0:0:4","ICMPv6","76","RPL Control (Destination Advertisement Object)"
"1028","11.315084","fe80::c30c:0:0:3","fe80::c30c:0:0:b","ICMPv6","102","RPL Control (DODAG Information Object)"
"1029","11.317225","fe80::c30c:0:0:5","fe80::c30c:0:0:4","ICMPv6","76","RPL Control (Destination Advertisement Object)"
"1030","11.319234","fe80::c30c:0:0:3","fe80::c30c:0:0:b","ICMPv6","102","RPL Control (DODAG Information Object)"
"1031","11.323384","fe80::c30c:0:0:3","fe80::c30c:0:0:b","ICMPv6","102","RPL Control (DODAG Information Object)"
"1032","11.327546","fe80::c30c:0:0:5","fe80::c30c:0:0:4","ICMPv6","76","RPL Control (Destination Advertisement Object)"
"1033","11.327535","fe80::c30c:0:0:3","fe80::c30c:0:0:b","ICMPv6","102","RPL Control (DODAG Information Object)"
"1034","11.330867","fe80::c30c:0:0:5","fe80::c30c:0:0:4","ICMPv6","76","RPL Control (Destination Advertisement Object)"
"1035","11.331685","fe80::c30c:0:0:3","fe80::c30c:0:0:b","ICMPv6","102","RPL Control (DODAG Information Object)"
"1036","11.334194","fe80::c30c:0:0:5","fe80::c30c:0:0:4","ICMPv6","76","RPL Control (Destination Advertisement Object)"
"1037","11.335836","fe80::c30c:0:0:3","fe80::c30c:0:0:b","ICMPv6","102","RPL Control (DODAG Information Object)"
"1038","11.337520","fe80::c30c:0:0:5","fe80::c30c:0:0:4","ICMPv6","76","RPL Control (Destination Advertisement Object)"
"1039","11.339987","fe80::c30c:0:0:3","fe80::c30c:0:0:b","ICMPv6","102","RPL Control (DODAG Information Object)"
"1040","11.340845","fe80::c30c:0:0:5","fe80::c30c:0:0:4","ICMPv6","76","RPL Control (Destination Advertisement Object)"
"1041","11.344173","fe80::c30c:0:0:5","fe80::c30c:0:0:4","ICMPv6","76","RPL Control (Destination Advertisement Object)"
"1042","11.344137","fe80::c30c:0:0:3","fe80::c30c:0:0:b","ICMPv6","102","RPL Control (DODAG Information Object)"
"1043","11.347498","fe80::c30c:0:0:5","fe80::c30c:0:0:4","ICMPv6","76","RPL Control (Destination Advertisement Object)"
"1044","11.350795","fe80::c30c:0:0:5","fe80::c30c:0:0:4","ICMPv6","76","RPL Control (Destination Advertisement Object)"
"1045","11.353636","","","IEEE 802.15.4","5","Ack"
"1046","11.355372","fe80::c30c:0:0:3","fe80::c30c:0:0:b","ICMPv6","102","RPL Control (DODAG Information Object)"
"1047","11.359516","fe80::c30c:0:0:3","fe80::c30c:0:0:b","ICMPv6","102","RPL Control (DODAG Information Object)"
"1048","11.363706","fe80::c30c:0:0:3","fe80::c30c:0:0:b","ICMPv6","102","RPL Control (DODAG Information Object)"
"1049","11.367849","fe80::c30c:0:0:3","fe80::c30c:0:0:b","ICMPv6","102","RPL Control (DODAG Information Object)"
"1050","11.372000","fe80::c30c:0:0:3","fe80::c30c:0:0:b","ICMPv6","102","RPL Control (DODAG Information Object)"
"1051","11.376150","fe80::c30c:0:0:3","fe80::c30c:0:0:b","ICMPv6","102","RPL Control (DODAG Information Object)"
"1052","11.380301","fe80::c30c:0:0:3","fe80::c30c:0:0:b","ICMPv6","102","RPL Control (DODAG Information Object)"
"1053","11.384451","fe80::c30c:0:0:3","fe80::c30c:0:0:b","ICMPv6","102","RPL Control (DODAG Information Object)"
"1054","11.388230","fe80::c30c:0:0:4","fe80::c30c:0:0:1","ICMPv6","76","RPL Control (Destination Advertisement Object)"
"1055","11.388601","fe80::c30c:0:0:3","fe80::c30c:0:0:b","ICMPv6","102","RPL Control (DODAG Information Object)"
"1056","11.391543","fe80::c30c:0:0:4","fe80::c30c:0:0:1","ICMPv6","76","RPL Control (Destination Advertisement Object)"
"1057","11.392752","fe80::c30c:0:0:3","fe80::c30c:0:0:b","ICMPv6","102","RPL Control (DODAG Information Object)"
"1058","11.394870","fe80::c30c:0:0:4","fe80::c30c:0:0:1","ICMPv6","76","RPL Control (Destination Advertisement Object)"
"1059","11.396902","fe80::c30c:0:0:3","fe80::c30c:0:0:b","ICMPv6","102","RPL Control (DODAG Information Object)"
"1060","11.398197","fe80::c30c:0:0:4","fe80::c30c:0:0:1","ICMPv6","76","RPL Control (Destination Advertisement Object)"
"1061","11.401523","fe80::c30c:0:0:4","fe80::c30c:0:0:1","ICMPv6","76","RPL Control (Destination Advertisement Object)"
"1062","11.401053","fe80::c30c:0:0:3","fe80::c30c:0:0:b","ICMPv6","102","RPL Control (DODAG Information Object)"
"1063","11.404849","fe80::c30c:0:0:4","fe80::c30c:0:0:1","ICMPv6","76","RPL Control (Destination Advertisement Object)"
"1064","11.405203","fe80::c30c:0:0:3","fe80::c30c:0:0:b","ICMPv6","102","RPL Control (DODAG Information Object)"
"1065","11.408176","fe80::c30c:0:0:4","fe80::c30c:0:0:1","ICMPv6","76","RPL Control (Destination Advertisement Object)"
"1066","11.409353","fe80::c30c:0:0:3","fe80::c30c:0:0:b","ICMPv6","102","RPL Control (DODAG Information Object)"
"1067","11.411501","fe80::c30c:0:0:4","fe80::c30c:0:0:1","ICMPv6","76","RPL Control (Destination Advertisement Object)"
"1068","11.413503","fe80::c30c:0:0:3","fe80::c30c:0:0:b","ICMPv6","102","RPL Control (DODAG Information Object)"
"1069","11.414828","fe80::c30c:0:0:4","fe80::c30c:0:0:1","ICMPv6","76","RPL Control (Destination Advertisement Object)"
"1070","11.418124","fe80::c30c:0:0:4","fe80::c30c:0:0:1","ICMPv6","76","RPL Control (Destination Advertisement Object)"
"1071","11.417653","fe80::c30c:0:0:3","fe80::c30c:0:0:b","ICMPv6","102","RPL Control (DODAG Information Object)"
"1072","11.421451","fe80::c30c:0:0:4","fe80::c30c:0:0:1","ICMPv6","76","RPL Control (Destination Advertisement Object)"
"1073","11.421803","fe80::c30c:0:0:3","fe80::c30c:0:0:b","ICMPv6","102","RPL Control (DODAG Information Object)"
"1074","11.424778","fe80::c30c:0:0:4","fe80::c30c:0:0:1","ICMPv6","76","RPL Control (Destination Advertisement Object)"
"1075","11.425954","fe80::c30c:0:0:3","fe80::c30c:0:0:b","ICMPv6","102","RPL Control (DODAG Information Object)"
"1076","11.428104","fe80::c30c:0:0:4","fe80::c30c:0:0:1","ICMPv6","76","RPL Control (Destination Advertisement Object)"
"1077","11.430104","fe80::c30c:0:0:3","fe80::c30c:0:0:b","ICMPv6","102","RPL Control (DODAG Information Object)"
"1078","11.431430","fe80::c30c:0:0:4","fe80::c30c:0:0:1","ICMPv6","76","RPL Control (Destination Advertisement Object)"
"1079","11.434755","fe80::c30c:0:0:4","fe80::c30c:0:0:1","ICMPv6","76","RPL Control (Destination Advertisement Object)"
"1080","11.434255","fe80::c30c:0:0:3","fe80::c30c:0:0:b","ICMPv6","102","RPL Control (DODAG Information Object)"
"1081","11.438052","fe80::c30c:0:0:4","fe80::c30c:0:0:1","ICMPv6","76","RPL Control (Destination Advertisement Object)"
"1082","11.438405","fe80::c30c:0:0:3","fe80::c30c:0:0:b","ICMPv6","102","RPL Control (DODAG Information Object)"
"1083","11.441378","fe80::c30c:0:0:4","fe80::c30c:0:0:1","ICMPv6","76","RPL Control (Destination Advertisement Object)"
"1084","11.442556","fe80::c30c:0:0:3","fe80::c30c:0:0:b","ICMPv6","102","RPL Control (DODAG Information Object)"
"1085","11.444705","fe80::c30c:0:0:4","fe80::c30c:0:0:1","ICMPv6","76","RPL Control (Destination Advertisement Object)"
"1086","11.446706","fe80::c30c:0:0:3","fe80::c30c:0:0:b","ICMPv6","102","RPL Control (DODAG Information Object)"
"1087","11.448031","fe80::c30c:0:0:4","fe80::c30c:0:0:1","ICMPv6","76","RPL Control (Destination Advertisement Object)"
"1088","11.451327","fe80::c30c:0:0:4","fe80::c30c:0:0:1","ICMPv6","76","RPL Control (Destination Advertisement Object)"
"1089","11.450857","fe80::c30c:0:0:3","fe80::c30c:0:0:b","ICMPv6","102","RPL Control (DODAG Information Object)"
"1090","11.454623","fe80::c30c:0:0:4","fe80::c30c:0:0:1","ICMPv6","76","RPL Control (Destination Advertisement Object)"
"1091","11.455007","fe80::c30c:0:0:3","fe80::c30c:0:0:b","ICMPv6","102","RPL Control (DODAG Information Object)"
"1092","11.457919","fe80::c30c:0:0:4","fe80::c30c:0:0:1","ICMPv6","76","RPL Control (Destination Advertisement Object)"
"1093","11.459158","fe80::c30c:0:0:3","fe80::c30c:0:0:b","ICMPv6","102","RPL Control (DODAG Information Object)"
"1094","11.461246","fe80::c30c:0:0:4","fe80::c30c:0:0:1","ICMPv6","76","RPL Control (Destination Advertisement Object)"
"1095","11.463308","fe80::c30c:0:0:3","fe80::c30c:0:0:b","ICMPv6","102","RPL Control (DODAG Information Object)"
"1096","11.464571","fe80::c30c:0:0:4","fe80::c30c:0:0:1","ICMPv6","76","RPL Control (Destination Advertisement Object)"
"1097","11.467867","fe80::c30c:0:0:4","fe80::c30c:0:0:1","ICMPv6","76","RPL Control (Destination Advertisement Object)"
"1098","11.467459","fe80::c30c:0:0:3","fe80::c30c:0:0:b","ICMPv6","102","RPL Control (DODAG Information Object)"
"1099","11.471164","fe80::c30c:0:0:4","fe80::c30c:0:0:1","ICMPv6","76","RPL Control (Destination Advertisement Object)"
"1100","11.471609","fe80::c30c:0:0:3","fe80::c30c:0:0:b","ICMPv6","102","RPL Control (DODAG Information Object)"
"1101","11.474490","fe80::c30c:0:0:4","fe80::c30c:0:0:1","ICMPv6","76","RPL Control (Destination Advertisement Object)"
"1102","11.475759","fe80::c30c:0:0:3","fe80::c30c:0:0:b","ICMPv6","102","RPL Control (DODAG Information Object)"
"1103","11.477816","fe80::c30c:0:0:4","fe80::c30c:0:0:1","ICMPv6","76","RPL Control (Destination Advertisement Object)"
"1104","11.479910","fe80::c30c:0:0:3","fe80::c30c:0:0:b","ICMPv6","102","RPL Control (DODAG Information Object)"
"1105","11.481143","fe80::c30c:0:0:4","fe80::c30c:0:0:1","ICMPv6","76","RPL Control (Destination Advertisement Object)"
"1106","11.484438","fe80::c30c:0:0:4","fe80::c30c:0:0:1","ICMPv6","76","RPL Control (Destination Advertisement Object)"
"1107","11.487765","fe80::c30c:0:0:4","fe80::c30c:0:0:1","ICMPv6","76","RPL Control (Destination Advertisement Object)"
"1108","11.491091","fe80::c30c:0:0:4","fe80::c30c:0:0:1","ICMPv6","76","RPL Control (Destination Advertisement Object)"
"1109","11.494388","fe80::c30c:0:0:4","fe80::c30c:0:0:1","ICMPv6","76","RPL Control (Destination Advertisement Object)"
"1110","11.497714","fe80::c30c:0:0:4","fe80::c30c:0:0:1","ICMPv6","76","RPL Control (Destination Advertisement Object)"
"1111","11.501041","fe80::c30c:0:0:4","fe80::c30c:0:0:1","ICMPv6","76","RPL Control (Destination Advertisement Object)"
"1112","11.504366","fe80::c30c:0:0:4","fe80::c30c:0:0:1","ICMPv6","76","RPL Control (Destination Advertisement Object)"
"1113","11.507662","fe80::c30c:0:0:4","fe80::c30c:0:0:1","ICMPv6","76","RPL Control (Destination Advertisement Object)"
"1114","11.510503","","","IEEE 802.15.4","5","Ack"
"1115","11.816397","fe80::c30c:0:0:2","fe80::c30c:0:0:b","ICMPv6","76","RPL Control (Destination Advertisement Object)"
"1116","11.819711","fe80::c30c:0:0:2","fe80::c30c:0:0:b","ICMPv6","76","RPL Control (Destination Advertisement Object)"
"1117","11.823038","fe80::c30c:0:0:2","fe80::c30c:0:0:b","ICMPv6","76","RPL Control (Destination Advertisement Object)"
"1118","11.826364","fe80::c30c:0:0:2","fe80::c30c:0:0:b","ICMPv6","76","RPL Control (Destination Advertisement Object)"
"1119","11.829689","fe80::c30c:0:0:2","fe80::c30c:0:0:b","ICMPv6","76","RPL Control (Destination Advertisement Object)"
"1120","11.832986","fe80::c30c:0:0:2","fe80::c30c:0:0:b","ICMPv6","76","RPL Control (Destination Advertisement Object)"
"1121","11.836313","fe80::c30c:0:0:2","fe80::c30c:0:0:b","ICMPv6","76","RPL Control (Destination Advertisement Object)"
"1122","11.839638","fe80::c30c:0:0:2","fe80::c30c:0:0:b","ICMPv6","76","RPL Control (Destination Advertisement Object)"
"1123","11.842964","fe80::c30c:0:0:2","fe80::c30c:0:0:b","ICMPv6","76","RPL Control (Destination Advertisement Object)"
"1124","11.846260","fe80::c30c:0:0:2","fe80::c30c:0:0:b","ICMPv6","76","RPL Control (Destination Advertisement Object)"
"1125","11.849557","fe80::c30c:0:0:2","fe80::c30c:0:0:b","ICMPv6","76","RPL Control (Destination Advertisement Object)"
"1126","11.852883","fe80::c30c:0:0:2","fe80::c30c:0:0:b","ICMPv6","76","RPL Control (Destination Advertisement Object)"
"1127","11.856208","fe80::c30c:0:0:2","fe80::c30c:0:0:b","ICMPv6","76","RPL Control (Destination Advertisement Object)"
"1128","11.859506","fe80::c30c:0:0:2","fe80::c30c:0:0:b","ICMPv6","76","RPL Control (Destination Advertisement Object)"
"1129","11.862832","fe80::c30c:0:0:2","fe80::c30c:0:0:b","ICMPv6","76","RPL Control (Destination Advertisement Object)"
"1130","11.866159","fe80::c30c:0:0:2","fe80::c30c:0:0:b","ICMPv6","76","RPL Control (Destination Advertisement Object)"
"1131","11.869484","fe80::c30c:0:0:2","fe80::c30c:0:0:b","ICMPv6","76","RPL Control (Destination Advertisement Object)"
"1132","11.872810","fe80::c30c:0:0:2","fe80::c30c:0:0:b","ICMPv6","76","RPL Control (Destination Advertisement Object)"
"1133","11.876107","fe80::c30c:0:0:2","fe80::c30c:0:0:b","ICMPv6","76","RPL Control (Destination Advertisement Object)"
"1134","11.879432","fe80::c30c:0:0:2","fe80::c30c:0:0:b","ICMPv6","76","RPL Control (Destination Advertisement Object)"
"1135","11.882730","fe80::c30c:0:0:2","fe80::c30c:0:0:b","ICMPv6","76","RPL Control (Destination Advertisement Object)"
"1136","11.886055","fe80::c30c:0:0:2","fe80::c30c:0:0:b","ICMPv6","76","RPL Control (Destination Advertisement Object)"
"1137","11.889352","fe80::c30c:0:0:2","fe80::c30c:0:0:b","ICMPv6","76","RPL Control (Destination Advertisement Object)"
"1138","11.892678","fe80::c30c:0:0:2","fe80::c30c:0:0:b","ICMPv6","76","RPL Control (Destination Advertisement Object)"
"1139","11.896004","fe80::c30c:0:0:2","fe80::c30c:0:0:b","ICMPv6","76","RPL Control (Destination Advertisement Object)"
"1140","11.899330","fe80::c30c:0:0:2","fe80::c30c:0:0:b","ICMPv6","76","RPL Control (Destination Advertisement Object)"
"1141","11.902658","fe80::c30c:0:0:2","fe80::c30c:0:0:b","ICMPv6","76","RPL Control (Destination Advertisement Object)"
"1142","11.905983","fe80::c30c:0:0:2","fe80::c30c:0:0:b","ICMPv6","76","RPL Control (Destination Advertisement Object)"
"1143","11.909279","fe80::c30c:0:0:2","fe80::c30c:0:0:b","ICMPv6","76","RPL Control (Destination Advertisement Object)"
"1144","11.912605","fe80::c30c:0:0:2","fe80::c30c:0:0:b","ICMPv6","76","RPL Control (Destination Advertisement Object)"
"1145","11.915933","fe80::c30c:0:0:2","fe80::c30c:0:0:b","ICMPv6","76","RPL Control (Destination Advertisement Object)"
"1146","11.919259","fe80::c30c:0:0:2","fe80::c30c:0:0:b","ICMPv6","76","RPL Control (Destination Advertisement Object)"
"1147","11.922584","fe80::c30c:0:0:2","fe80::c30c:0:0:b","ICMPv6","76","RPL Control (Destination Advertisement Object)"
"1148","11.925881","fe80::c30c:0:0:2","fe80::c30c:0:0:b","ICMPv6","76","RPL Control (Destination Advertisement Object)"
"1149","11.929208","fe80::c30c:0:0:2","fe80::c30c:0:0:b","ICMPv6","76","RPL Control (Destination Advertisement Object)"
"1150","11.932533","fe80::c30c:0:0:2","fe80::c30c:0:0:b","ICMPv6","76","RPL Control (Destination Advertisement Object)"
"1151","11.935830","fe80::c30c:0:0:2","fe80::c30c:0:0:b","ICMPv6","76","RPL Control (Destination Advertisement Object)"
"1152","11.939157","fe80::c30c:0:0:2","fe80::c30c:0:0:b","ICMPv6","76","RPL Control (Destination Advertisement Object)"
"1153","11.942482","fe80::c30c:0:0:2","fe80::c30c:0:0:b","ICMPv6","76","RPL Control (Destination Advertisement Object)"
"1154","11.945323","","","IEEE 802.15.4","5","Ack"
"1155","11.980973","fe80::c30c:0:0:b","fe80::c30c:0:0:1","ICMPv6","76","RPL Control (Destination Advertisement Object)"
"1156","11.984287","fe80::c30c:0:0:b","fe80::c30c:0:0:1","ICMPv6","76","RPL Control (Destination Advertisement Object)"
"1157","11.987613","fe80::c30c:0:0:b","fe80::c30c:0:0:1","ICMPv6","76","RPL Control (Destination Advertisement Object)"
"1158","11.990938","fe80::c30c:0:0:b","fe80::c30c:0:0:1","ICMPv6","76","RPL Control (Destination Advertisement Object)"
"1159","11.994265","fe80::c30c:0:0:b","fe80::c30c:0:0:1","ICMPv6","76","RPL Control (Destination Advertisement Object)"
"1160","11.997592","fe80::c30c:0:0:b","fe80::c30c:0:0:1","ICMPv6","76","RPL Control (Destination Advertisement Object)"
"1161","12.000919","fe80::c30c:0:0:b","fe80::c30c:0:0:1","ICMPv6","76","RPL Control (Destination Advertisement Object)"
"1162","12.004245","fe80::c30c:0:0:b","fe80::c30c:0:0:1","ICMPv6","76","RPL Control (Destination Advertisement Object)"
"1163","12.007572","fe80::c30c:0:0:b","fe80::c30c:0:0:1","ICMPv6","76","RPL Control (Destination Advertisement Object)"
"1164","12.010412","","","IEEE 802.15.4","5","Ack"
"1165","12.535059","fe80::c30c:0:0:7","fe80::c30c:0:0:3","ICMPv6","76","RPL Control (Destination Advertisement Object)"
"1166","12.538399","fe80::c30c:0:0:7","fe80::c30c:0:0:3","ICMPv6","76","RPL Control (Destination Advertisement Object)"
"1167","12.541727","fe80::c30c:0:0:7","fe80::c30c:0:0:3","ICMPv6","76","RPL Control (Destination Advertisement Object)"
"1168","12.545052","fe80::c30c:0:0:7","fe80::c30c:0:0:3","ICMPv6","76","RPL Control (Destination Advertisement Object)"
"1169","12.548379","fe80::c30c:0:0:7","fe80::c30c:0:0:3","ICMPv6","76","RPL Control (Destination Advertisement Object)"
"1170","12.551706","fe80::c30c:0:0:7","fe80::c30c:0:0:3","ICMPv6","76","RPL Control (Destination Advertisement Object)"
"1171","12.555032","fe80::c30c:0:0:7","fe80::c30c:0:0:3","ICMPv6","76","RPL Control (Destination Advertisement Object)"
"1172","12.558328","fe80::c30c:0:0:7","fe80::c30c:0:0:3","ICMPv6","76","RPL Control (Destination Advertisement Object)"
"1173","12.561655","fe80::c30c:0:0:7","fe80::c30c:0:0:3","ICMPv6","76","RPL Control (Destination Advertisement Object)"
"1174","12.564980","fe80::c30c:0:0:7","fe80::c30c:0:0:3","ICMPv6","76","RPL Control (Destination Advertisement Object)"
"1175","12.568277","fe80::c30c:0:0:7","fe80::c30c:0:0:3","ICMPv6","76","RPL Control (Destination Advertisement Object)"
"1176","12.571604","fe80::c30c:0:0:7","fe80::c30c:0:0:3","ICMPv6","76","RPL Control (Destination Advertisement Object)"
"1177","12.574929","fe80::c30c:0:0:7","fe80::c30c:0:0:3","ICMPv6","76","RPL Control (Destination Advertisement Object)"
"1178","12.578255","fe80::c30c:0:0:7","fe80::c30c:0:0:3","ICMPv6","76","RPL Control (Destination Advertisement Object)"
"1179","12.581583","fe80::c30c:0:0:7","fe80::c30c:0:0:3","ICMPv6","76","RPL Control (Destination Advertisement Object)"
"1180","12.584909","fe80::c30c:0:0:7","fe80::c30c:0:0:3","ICMPv6","76","RPL Control (Destination Advertisement Object)"
"1181","12.588234","fe80::c30c:0:0:7","fe80::c30c:0:0:3","ICMPv6","76","RPL Control (Destination Advertisement Object)"
"1182","12.591531","fe80::c30c:0:0:7","fe80::c30c:0:0:3","ICMPv6","76","RPL Control (Destination Advertisement Object)"
"1183","12.594858","fe80::c30c:0:0:7","fe80::c30c:0:0:3","ICMPv6","76","RPL Control (Destination Advertisement Object)"
"1184","12.598183","fe80::c30c:0:0:7","fe80::c30c:0:0:3","ICMPv6","76","RPL Control (Destination Advertisement Object)"
"1185","12.601480","fe80::c30c:0:0:7","fe80::c30c:0:0:3","ICMPv6","76","RPL Control (Destination Advertisement Object)"
"1186","12.604807","fe80::c30c:0:0:7","fe80::c30c:0:0:3","ICMPv6","76","RPL Control (Destination Advertisement Object)"
"1187","12.608132","fe80::c30c:0:0:7","fe80::c30c:0:0:3","ICMPv6","76","RPL Control (Destination Advertisement Object)"
"1188","12.611460","fe80::c30c:0:0:7","fe80::c30c:0:0:3","ICMPv6","76","RPL Control (Destination Advertisement Object)"
"1189","12.614786","fe80::c30c:0:0:7","fe80::c30c:0:0:3","ICMPv6","76","RPL Control (Destination Advertisement Object)"
"1190","12.618111","fe80::c30c:0:0:7","fe80::c30c:0:0:3","ICMPv6","76","RPL Control (Destination Advertisement Object)"
"1191","12.621407","fe80::c30c:0:0:7","fe80::c30c:0:0:3","ICMPv6","76","RPL Control (Destination Advertisement Object)"
"1192","12.624734","fe80::c30c:0:0:7","fe80::c30c:0:0:3","ICMPv6","76","RPL Control (Destination Advertisement Object)"
"1193","12.628030","fe80::c30c:0:0:7","fe80::c30c:0:0:3","ICMPv6","76","RPL Control (Destination Advertisement Object)"
"1194","12.631326","fe80::c30c:0:0:7","fe80::c30c:0:0:3","ICMPv6","76","RPL Control (Destination Advertisement Object)"
"1195","12.634653","fe80::c30c:0:0:7","fe80::c30c:0:0:3","ICMPv6","76","RPL Control (Destination Advertisement Object)"
"1196","12.637978","fe80::c30c:0:0:7","fe80::c30c:0:0:3","ICMPv6","76","RPL Control (Destination Advertisement Object)"
"1197","12.641275","fe80::c30c:0:0:7","fe80::c30c:0:0:3","ICMPv6","76","RPL Control (Destination Advertisement Object)"
"1198","12.644602","fe80::c30c:0:0:7","fe80::c30c:0:0:3","ICMPv6","76","RPL Control (Destination Advertisement Object)"
"1199","12.647927","fe80::c30c:0:0:7","fe80::c30c:0:0:3","ICMPv6","76","RPL Control (Destination Advertisement Object)"
"1200","12.651254","fe80::c30c:0:0:7","fe80::c30c:0:0:3","ICMPv6","76","RPL Control (Destination Advertisement Object)"
"1201","12.654097","","","IEEE 802.15.4","5","Ack"
"1202","12.697421","fe80::c30c:0:0:3","fe80::c30c:0:0:b","ICMPv6","76","RPL Control (Destination Advertisement Object)"
"1203","12.700735","fe80::c30c:0:0:3","fe80::c30c:0:0:b","ICMPv6","76","RPL Control (Destination Advertisement Object)"
"1204","12.704061","fe80::c30c:0:0:3","fe80::c30c:0:0:b","ICMPv6","76","RPL Control (Destination Advertisement Object)"
"1205","12.707426","fe80::c30c:0:0:3","fe80::c30c:0:0:b","ICMPv6","76","RPL Control (Destination Advertisement Object)"
"1206","12.710744","fe80::c30c:0:0:3","fe80::c30c:0:0:b","ICMPv6","76","RPL Control (Destination Advertisement Object)"
"1207","12.714071","fe80::c30c:0:0:3","fe80::c30c:0:0:b","ICMPv6","76","RPL Control (Destination Advertisement Object)"
"1208","12.717397","fe80::c30c:0:0:3","fe80::c30c:0:0:b","ICMPv6","76","RPL Control (Destination Advertisement Object)"
"1209","12.720724","fe80::c30c:0:0:3","fe80::c30c:0:0:b","ICMPv6","76","RPL Control (Destination Advertisement Object)"
"1210","12.724051","fe80::c30c:0:0:3","fe80::c30c:0:0:b","ICMPv6","76","RPL Control (Destination Advertisement Object)"
"1211","12.727377","fe80::c30c:0:0:3","fe80::c30c:0:0:b","ICMPv6","76","RPL Control (Destination Advertisement Object)"
"1212","12.730703","fe80::c30c:0:0:3","fe80::c30c:0:0:b","ICMPv6","76","RPL Control (Destination Advertisement Object)"
"1213","12.734028","fe80::c30c:0:0:3","fe80::c30c:0:0:b","ICMPv6","76","RPL Control (Destination Advertisement Object)"
"1214","12.737325","fe80::c30c:0:0:3","fe80::c30c:0:0:b","ICMPv6","76","RPL Control (Destination Advertisement Object)"
"1215","12.740651","fe80::c30c:0:0:3","fe80::c30c:0:0:b","ICMPv6","76","RPL Control (Destination Advertisement Object)"
"1216","12.743978","fe80::c30c:0:0:3","fe80::c30c:0:0:b","ICMPv6","76","RPL Control (Destination Advertisement Object)"
"1217","12.747305","fe80::c30c:0:0:3","fe80::c30c:0:0:b","ICMPv6","76","RPL Control (Destination Advertisement Object)"
"1218","12.750630","fe80::c30c:0:0:3","fe80::c30c:0:0:b","ICMPv6","76","RPL Control (Destination Advertisement Object)"
"1219","12.753958","fe80::c30c:0:0:3","fe80::c30c:0:0:b","ICMPv6","76","RPL Control (Destination Advertisement Object)"
"1220","12.757282","fe80::c30c:0:0:3","fe80::c30c:0:0:b","ICMPv6","76","RPL Control (Destination Advertisement Object)"
"1221","12.760580","fe80::c30c:0:0:3","fe80::c30c:0:0:b","ICMPv6","76","RPL Control (Destination Advertisement Object)"
"1222","12.763906","fe80::c30c:0:0:3","fe80::c30c:0:0:b","ICMPv6","76","RPL Control (Destination Advertisement Object)"
"1223","12.767232","fe80::c30c:0:0:3","fe80::c30c:0:0:b","ICMPv6","76","RPL Control (Destination Advertisement Object)"
"1224","12.770558","fe80::c30c:0:0:3","fe80::c30c:0:0:b","ICMPv6","76","RPL Control (Destination Advertisement Object)"
"1225","12.773886","fe80::c30c:0:0:3","fe80::c30c:0:0:b","ICMPv6","76","RPL Control (Destination Advertisement Object)"
"1226","12.777212","fe80::c30c:0:0:3","fe80::c30c:0:0:b","ICMPv6","76","RPL Control (Destination Advertisement Object)"
"1227","12.780538","fe80::c30c:0:0:3","fe80::c30c:0:0:b","ICMPv6","76","RPL Control (Destination Advertisement Object)"
"1228","12.783865","fe80::c30c:0:0:3","fe80::c30c:0:0:b","ICMPv6","76","RPL Control (Destination Advertisement Object)"
"1229","12.787191","fe80::c30c:0:0:3","fe80::c30c:0:0:b","ICMPv6","76","RPL Control (Destination Advertisement Object)"
"1230","12.790518","fe80::c30c:0:0:3","fe80::c30c:0:0:b","ICMPv6","76","RPL Control (Destination Advertisement Object)"
"1231","12.793843","fe80::c30c:0:0:3","fe80::c30c:0:0:b","ICMPv6","76","RPL Control (Destination Advertisement Object)"
"1232","12.797171","fe80::c30c:0:0:3","fe80::c30c:0:0:b","ICMPv6","76","RPL Control (Destination Advertisement Object)"
"1233","12.800497","fe80::c30c:0:0:3","fe80::c30c:0:0:b","ICMPv6","76","RPL Control (Destination Advertisement Object)"
"1234","12.803822","fe80::c30c:0:0:3","fe80::c30c:0:0:b","ICMPv6","76","RPL Control (Destination Advertisement Object)"
"1235","12.807150","fe80::c30c:0:0:3","fe80::c30c:0:0:b","ICMPv6","76","RPL Control (Destination Advertisement Object)"
"1236","12.810476","fe80::c30c:0:0:3","fe80::c30c:0:0:b","ICMPv6","76","RPL Control (Destination Advertisement Object)"
"1237","12.813803","fe80::c30c:0:0:3","fe80::c30c:0:0:b","ICMPv6","76","RPL Control (Destination Advertisement Object)"
"1238","12.817128","fe80::c30c:0:0:3","fe80::c30c:0:0:b","ICMPv6","76","RPL Control (Destination Advertisement Object)"
"1239","12.819969","","","IEEE 802.15.4","5","Ack"
"1240","12.855974","fe80::c30c:0:0:b","fe80::c30c:0:0:1","ICMPv6","76","RPL Control (Destination Advertisement Object)"
"1241","12.859287","fe80::c30c:0:0:b","fe80::c30c:0:0:1","ICMPv6","76","RPL Control (Destination Advertisement Object)"
"1242","12.862613","fe80::c30c:0:0:b","fe80::c30c:0:0:1","ICMPv6","76","RPL Control (Destination Advertisement Object)"
"1243","12.865938","fe80::c30c:0:0:b","fe80::c30c:0:0:1","ICMPv6","76","RPL Control (Destination Advertisement Object)"
"1244","12.869266","fe80::c30c:0:0:b","fe80::c30c:0:0:1","ICMPv6","76","RPL Control (Destination Advertisement Object)"
"1245","12.872592","fe80::c30c:0:0:b","fe80::c30c:0:0:1","ICMPv6","76","RPL Control (Destination Advertisement Object)"
"1246","12.875918","fe80::c30c:0:0:b","fe80::c30c:0:0:1","ICMPv6","76","RPL Control (Destination Advertisement Object)"
"1247","12.879245","fe80::c30c:0:0:b","fe80::c30c:0:0:1","ICMPv6","76","RPL Control (Destination Advertisement Object)"
"1248","12.882571","fe80::c30c:0:0:b","fe80::c30c:0:0:1","ICMPv6","76","RPL Control (Destination Advertisement Object)"
"1249","12.885411","","","IEEE 802.15.4","5","Ack"
"1250","13.029420","fe80::c30c:0:0:7","ff02::1a","ICMPv6","97","RPL Control (DODAG Information Object)"
"1251","13.033746","fe80::c30c:0:0:7","ff02::1a","ICMPv6","97","RPL Control (DODAG Information Object)"
"1252","13.038071","fe80::c30c:0:0:7","ff02::1a","ICMPv6","97","RPL Control (DODAG Information Object)"
"1253","13.042404","fe80::c30c:0:0:7","ff02::1a","ICMPv6","97","RPL Control (DODAG Information Object)"
"1254","13.046746","fe80::c30c:0:0:7","ff02::1a","ICMPv6","97","RPL Control (DODAG Information Object)"
"1255","13.051080","fe80::c30c:0:0:7","ff02::1a","ICMPv6","97","RPL Control (DODAG Information Object)"
"1256","13.055415","fe80::c30c:0:0:7","ff02::1a","ICMPv6","97","RPL Control (DODAG Information Object)"
"1257","13.059747","fe80::c30c:0:0:7","ff02::1a","ICMPv6","97","RPL Control (DODAG Information Object)"
"1258","13.064082","fe80::c30c:0:0:7","ff02::1a","ICMPv6","97","RPL Control (DODAG Information Object)"
"1259","13.068414","fe80::c30c:0:0:7","ff02::1a","ICMPv6","97","RPL Control (DODAG Information Object)"
"1260","13.072738","fe80::c30c:0:0:7","ff02::1a","ICMPv6","97","RPL Control (DODAG Information Object)"
"1261","13.077072","fe80::c30c:0:0:7","ff02::1a","ICMPv6","97","RPL Control (DODAG Information Object)"
"1262","13.081405","fe80::c30c:0:0:7","ff02::1a","ICMPv6","97","RPL Control (DODAG Information Object)"
"1263","13.085749","fe80::c30c:0:0:7","ff02::1a","ICMPv6","97","RPL Control (DODAG Information Object)"
"1264","13.090083","fe80::c30c:0:0:7","ff02::1a","ICMPv6","97","RPL Control (DODAG Information Object)"
"1265","13.094416","fe80::c30c:0:0:7","ff02::1a","ICMPv6","97","RPL Control (DODAG Information Object)"
"1266","13.098748","fe80::c30c:0:0:7","ff02::1a","ICMPv6","97","RPL Control (DODAG Information Object)"
"1267","13.103083","fe80::c30c:0:0:7","ff02::1a","ICMPv6","97","RPL Control (DODAG Information Object)"
"1268","13.107415","fe80::c30c:0:0:7","ff02::1a","ICMPv6","97","RPL Control (DODAG Information Object)"
"1269","13.111739","fe80::c30c:0:0:7","ff02::1a","ICMPv6","97","RPL Control (DODAG Information Object)"
"1270","13.116094","fe80::c30c:0:0:7","ff02::1a","ICMPv6","97","RPL Control (DODAG Information Object)"
"1271","13.120407","fe80::c30c:0:0:7","ff02::1a","ICMPv6","97","RPL Control (DODAG Information Object)"
"1272","13.124741","fe80::c30c:0:0:7","ff02::1a","ICMPv6","97","RPL Control (DODAG Information Object)"
"1273","13.129083","fe80::c30c:0:0:7","ff02::1a","ICMPv6","97","RPL Control (DODAG Information Object)"
"1274","13.133417","fe80::c30c:0:0:7","ff02::1a","ICMPv6","97","RPL Control (DODAG Information Object)"
"1275","13.137751","fe80::c30c:0:0:7","ff02::1a","ICMPv6","97","RPL Control (DODAG Information Object)"
"1276","13.142085","fe80::c30c:0:0:7","ff02::1a","ICMPv6","97","RPL Control (DODAG Information Object)"
"1277","13.146408","fe80::c30c:0:0:7","ff02::1a","ICMPv6","97","RPL Control (DODAG Information Object)"
"1278","13.150742","fe80::c30c:0:0:7","ff02::1a","ICMPv6","97","RPL Control (DODAG Information Object)"
"1279","13.155085","fe80::c30c:0:0:7","ff02::1a","ICMPv6","97","RPL Control (DODAG Information Object)"
"1280","13.163499","fe80::c30c:0:0:4","ff02::1a","ICMPv6","97","RPL Control (DODAG Information Object)"
"1281","13.167834","fe80::c30c:0:0:4","ff02::1a","ICMPv6","97","RPL Control (DODAG Information Object)"
"1282","13.172159","fe80::c30c:0:0:4","ff02::1a","ICMPv6","97","RPL Control (DODAG Information Object)"
"1283","13.176492","fe80::c30c:0:0:4","ff02::1a","ICMPv6","97","RPL Control (DODAG Information Object)"
"1284","13.180834","fe80::c30c:0:0:4","ff02::1a","ICMPv6","97","RPL Control (DODAG Information Object)"
"1285","13.185168","fe80::c30c:0:0:4","ff02::1a","ICMPv6","97","RPL Control (DODAG Information Object)"
"1286","13.189503","fe80::c30c:0:0:4","ff02::1a","ICMPv6","97","RPL Control (DODAG Information Object)"
"1287","13.193835","fe80::c30c:0:0:4","ff02::1a","ICMPv6","97","RPL Control (DODAG Information Object)"
"1288","13.198170","fe80::c30c:0:0:4","ff02::1a","ICMPv6","97","RPL Control (DODAG Information Object)"
"1289","13.202502","fe80::c30c:0:0:4","ff02::1a","ICMPv6","97","RPL Control (DODAG Information Object)"
"1290","13.206826","fe80::c30c:0:0:4","ff02::1a","ICMPv6","97","RPL Control (DODAG Information Object)"
"1291","13.211160","fe80::c30c:0:0:4","ff02::1a","ICMPv6","97","RPL Control (DODAG Information Object)"
"1292","13.215493","fe80::c30c:0:0:4","ff02::1a","ICMPv6","97","RPL Control (DODAG Information Object)"
"1293","13.219837","fe80::c30c:0:0:4","ff02::1a","ICMPv6","97","RPL Control (DODAG Information Object)"
"1294","13.224170","fe80::c30c:0:0:4","ff02::1a","ICMPv6","97","RPL Control (DODAG Information Object)"
"1295","13.228503","fe80::c30c:0:0:4","ff02::1a","ICMPv6","97","RPL Control (DODAG Information Object)"
"1296","13.232838","fe80::c30c:0:0:4","ff02::1a","ICMPv6","97","RPL Control (DODAG Information Object)"
"1297","13.237170","fe80::c30c:0:0:4","ff02::1a","ICMPv6","97","RPL Control (DODAG Information Object)"
"1298","13.241493","fe80::c30c:0:0:4","ff02::1a","ICMPv6","97","RPL Control (DODAG Information Object)"
"1299","13.245838","fe80::c30c:0:0:4","ff02::1a","ICMPv6","97","RPL Control (DODAG Information Object)"
"1300","13.250183","fe80::c30c:0:0:4","ff02::1a","ICMPv6","97","RPL Control (DODAG Information Object)"
"1301","13.254504","fe80::c30c:0:0:4","ff02::1a","ICMPv6","97","RPL Control (DODAG Information Object)"
"1302","13.258839","fe80::c30c:0:0:4","ff02::1a","ICMPv6","97","RPL Control (DODAG Information Object)"
"1303","13.263171","fe80::c30c:0:0:4","ff02::1a","ICMPv6","97","RPL Control (DODAG Information Object)"
"1304","13.267504","fe80::c30c:0:0:4","ff02::1a","ICMPv6","97","RPL Control (DODAG Information Object)"
"1305","13.271838","fe80::c30c:0:0:4","ff02::1a","ICMPv6","97","RPL Control (DODAG Information Object)"
"1306","13.276173","fe80::c30c:0:0:4","ff02::1a","ICMPv6","97","RPL Control (DODAG Information Object)"
"1307","13.280505","fe80::c30c:0:0:4","ff02::1a","ICMPv6","97","RPL Control (DODAG Information Object)"
"1308","13.284840","fe80::c30c:0:0:4","ff02::1a","ICMPv6","97","RPL Control (DODAG Information Object)"
"1309","13.289172","fe80::c30c:0:0:4","ff02::1a","ICMPv6","97","RPL Control (DODAG Information Object)"
"1310","13.595932","fe80::c30c:0:0:b","fe80::c30c:0:0:1","ICMPv6","76","RPL Control (Destination Advertisement Object)"
"1311","13.599245","fe80::c30c:0:0:b","fe80::c30c:0:0:1","ICMPv6","76","RPL Control (Destination Advertisement Object)"
"1312","13.602572","fe80::c30c:0:0:b","fe80::c30c:0:0:1","ICMPv6","76","RPL Control (Destination Advertisement Object)"
"1313","13.605899","fe80::c30c:0:0:b","fe80::c30c:0:0:1","ICMPv6","76","RPL Control (Destination Advertisement Object)"
"1314","13.609226","fe80::c30c:0:0:b","fe80::c30c:0:0:1","ICMPv6","76","RPL Control (Destination Advertisement Object)"
"1315","13.612550","fe80::c30c:0:0:b","fe80::c30c:0:0:1","ICMPv6","76","RPL Control (Destination Advertisement Object)"
"1316","13.615848","fe80::c30c:0:0:b","fe80::c30c:0:0:1","ICMPv6","76","RPL Control (Destination Advertisement Object)"
"1317","13.619173","fe80::c30c:0:0:b","fe80::c30c:0:0:1","ICMPv6","76","RPL Control (Destination Advertisement Object)"
"1318","13.622501","fe80::c30c:0:0:b","fe80::c30c:0:0:1","ICMPv6","76","RPL Control (Destination Advertisement Object)"
"1319","13.625827","fe80::c30c:0:0:b","fe80::c30c:0:0:1","ICMPv6","76","RPL Control (Destination Advertisement Object)"
"1320","13.629152","fe80::c30c:0:0:b","fe80::c30c:0:0:1","ICMPv6","76","RPL Control (Destination Advertisement Object)"
"1321","13.632480","fe80::c30c:0:0:b","fe80::c30c:0:0:1","ICMPv6","76","RPL Control (Destination Advertisement Object)"
"1322","13.635322","","","IEEE 802.15.4","5","Ack"
"1323","14.755539","fe80::c30c:0:0:b","ff02::1a","ICMPv6","97","RPL Control (DODAG Information Object)"
"1324","14.759876","fe80::c30c:0:0:b","ff02::1a","ICMPv6","97","RPL Control (DODAG Information Object)"
"1325","14.764205","fe80::c30c:0:0:b","ff02::1a","ICMPv6","97","RPL Control (DODAG Information Object)"
"1326","14.768542","fe80::c30c:0:0:b","ff02::1a","ICMPv6","97","RPL Control (DODAG Information Object)"
"1327","14.772877","fe80::c30c:0:0:b","ff02::1a","ICMPv6","97","RPL Control (DODAG Information Object)"
"1328","14.777209","fe80::c30c:0:0:b","ff02::1a","ICMPv6","97","RPL Control (DODAG Information Object)"
"1329","14.781534","fe80::c30c:0:0:b","ff02::1a","ICMPv6","97","RPL Control (DODAG Information Object)"
"1330","14.785866","fe80::c30c:0:0:b","ff02::1a","ICMPv6","97","RPL Control (DODAG Information Object)"
"1331","14.790211","fe80::c30c:0:0:b","ff02::1a","ICMPv6","97","RPL Control (DODAG Information Object)"
"1332","14.794544","fe80::c30c:0:0:b","ff02::1a","ICMPv6","97","RPL Control (DODAG Information Object)"
"1333","14.798868","fe80::c30c:0:0:b","ff02::1a","ICMPv6","97","RPL Control (DODAG Information Object)"
"1334","14.803222","fe80::c30c:0:0:b","ff02::1a","ICMPv6","97","RPL Control (DODAG Information Object)"
"1335","14.807545","fe80::c30c:0:0:b","ff02::1a","ICMPv6","97","RPL Control (DODAG Information Object)"
"1336","14.811867","fe80::c30c:0:0:b","ff02::1a","ICMPv6","97","RPL Control (DODAG Information Object)"
"1337","14.816205","fe80::c30c:0:0:b","ff02::1a","ICMPv6","97","RPL Control (DODAG Information Object)"
"1338","14.820535","fe80::c30c:0:0:b","ff02::1a","ICMPv6","97","RPL Control (DODAG Information Object)"
"1339","14.824878","fe80::c30c:0:0:b","ff02::1a","ICMPv6","97","RPL Control (DODAG Information Object)"
"1340","14.829212","fe80::c30c:0:0:b","ff02::1a","ICMPv6","97","RPL Control (DODAG Information Object)"
"1341","14.833536","fe80::c30c:0:0:b","ff02::1a","ICMPv6","97","RPL Control (DODAG Information Object)"
"1342","14.837869","fe80::c30c:0:0:b","ff02::1a","ICMPv6","97","RPL Control (DODAG Information Object)"
"1343","14.842212","fe80::c30c:0:0:b","ff02::1a","ICMPv6","97","RPL Control (DODAG Information Object)"
"1344","14.846535","fe80::c30c:0:0:b","ff02::1a","ICMPv6","97","RPL Control (DODAG Information Object)"
"1345","14.850910","fe80::c30c:0:0:b","ff02::1a","ICMPv6","97","RPL Control (DODAG Information Object)"
"1346","14.855233","fe80::c30c:0:0:b","ff02::1a","ICMPv6","97","RPL Control (DODAG Information Object)"
"1347","14.859566","fe80::c30c:0:0:b","ff02::1a","ICMPv6","97","RPL Control (DODAG Information Object)"
"1348","14.863910","fe80::c30c:0:0:b","ff02::1a","ICMPv6","97","RPL Control (DODAG Information Object)"
"1349","14.868244","fe80::c30c:0:0:b","ff02::1a","ICMPv6","97","RPL Control (DODAG Information Object)"
"1350","14.872567","fe80::c30c:0:0:b","ff02::1a","ICMPv6","97","RPL Control (DODAG Information Object)"
"1351","14.876911","fe80::c30c:0:0:b","ff02::1a","ICMPv6","97","RPL Control (DODAG Information Object)"
"1352","14.881244","fe80::c30c:0:0:b","ff02::1a","ICMPv6","97","RPL Control (DODAG Information Object)"
"1353","15.406633","fe80::c30c:0:0:b","fe80::c30c:0:0:1","ICMPv6","102","RPL Control (DODAG Information Object)"
"1354","15.410770","fe80::c30c:0:0:b","fe80::c30c:0:0:1","ICMPv6","102","RPL Control (DODAG Information Object)"
"1355","15.414919","fe80::c30c:0:0:b","fe80::c30c:0:0:1","ICMPv6","102","RPL Control (DODAG Information Object)"
"1356","15.419070","fe80::c30c:0:0:b","fe80::c30c:0:0:1","ICMPv6","102","RPL Control (DODAG Information Object)"
"1357","15.423221","fe80::c30c:0:0:b","fe80::c30c:0:0:1","ICMPv6","102","RPL Control (DODAG Information Object)"
"1358","15.427372","fe80::c30c:0:0:b","fe80::c30c:0:0:1","ICMPv6","102","RPL Control (DODAG Information Object)"
"1359","15.431522","fe80::c30c:0:0:b","fe80::c30c:0:0:1","ICMPv6","102","RPL Control (DODAG Information Object)"
"1360","15.435672","fe80::c30c:0:0:b","fe80::c30c:0:0:1","ICMPv6","102","RPL Control (DODAG Information Object)"
"1361","15.439823","fe80::c30c:0:0:b","fe80::c30c:0:0:1","ICMPv6","102","RPL Control (DODAG Information Object)"
"1362","15.443973","fe80::c30c:0:0:b","fe80::c30c:0:0:1","ICMPv6","102","RPL Control (DODAG Information Object)"
"1363","15.448123","fe80::c30c:0:0:b","fe80::c30c:0:0:1","ICMPv6","102","RPL Control (DODAG Information Object)"
"1364","15.452274","fe80::c30c:0:0:b","fe80::c30c:0:0:1","ICMPv6","102","RPL Control (DODAG Information Object)"
"1365","15.456423","fe80::c30c:0:0:b","fe80::c30c:0:0:1","ICMPv6","102","RPL Control (DODAG Information Object)"
"1366","15.460575","fe80::c30c:0:0:b","fe80::c30c:0:0:1","ICMPv6","102","RPL Control (DODAG Information Object)"
"1367","15.464725","fe80::c30c:0:0:b","fe80::c30c:0:0:1","ICMPv6","102","RPL Control (DODAG Information Object)"
"1368","15.468875","fe80::c30c:0:0:b","fe80::c30c:0:0:1","ICMPv6","102","RPL Control (DODAG Information Object)"
"1369","15.473025","fe80::c30c:0:0:b","fe80::c30c:0:0:1","ICMPv6","102","RPL Control (DODAG Information Object)"
"1370","15.477176","fe80::c30c:0:0:b","fe80::c30c:0:0:1","ICMPv6","102","RPL Control (DODAG Information Object)"
"1371","15.481326","fe80::c30c:0:0:b","fe80::c30c:0:0:1","ICMPv6","102","RPL Control (DODAG Information Object)"
"1372","15.485477","fe80::c30c:0:0:b","fe80::c30c:0:0:1","ICMPv6","102","RPL Control (DODAG Information Object)"
"1373","15.489628","fe80::c30c:0:0:b","fe80::c30c:0:0:1","ICMPv6","102","RPL Control (DODAG Information Object)"
"1374","15.493776","fe80::c30c:0:0:b","fe80::c30c:0:0:1","ICMPv6","102","RPL Control (DODAG Information Object)"
"1375","15.497927","fe80::c30c:0:0:b","fe80::c30c:0:0:1","ICMPv6","102","RPL Control (DODAG Information Object)"
"1376","15.502077","fe80::c30c:0:0:b","fe80::c30c:0:0:1","ICMPv6","102","RPL Control (DODAG Information Object)"
"1377","15.506228","fe80::c30c:0:0:b","fe80::c30c:0:0:1","ICMPv6","102","RPL Control (DODAG Information Object)"
"1378","15.510378","fe80::c30c:0:0:b","fe80::c30c:0:0:1","ICMPv6","102","RPL Control (DODAG Information Object)"
"1379","15.514050","","","IEEE 802.15.4","5","Ack"
"1380","15.527603","fe80::c30c:0:0:4","fe80::c30c:0:0:1","ICMPv6","76","RPL Control (Destination Advertisement Object)"
"1381","15.530918","fe80::c30c:0:0:4","fe80::c30c:0:0:1","ICMPv6","76","RPL Control (Destination Advertisement Object)"
"1382","15.534244","fe80::c30c:0:0:4","fe80::c30c:0:0:1","ICMPv6","76","RPL Control (Destination Advertisement Object)"
"1383","15.537569","fe80::c30c:0:0:4","fe80::c30c:0:0:1","ICMPv6","76","RPL Control (Destination Advertisement Object)"
"1384","15.540896","fe80::c30c:0:0:4","fe80::c30c:0:0:1","ICMPv6","76","RPL Control (Destination Advertisement Object)"
"1385","15.544223","fe80::c30c:0:0:4","fe80::c30c:0:0:1","ICMPv6","76","RPL Control (Destination Advertisement Object)"
"1386","15.547548","fe80::c30c:0:0:4","fe80::c30c:0:0:1","ICMPv6","76","RPL Control (Destination Advertisement Object)"
"1387","15.550876","fe80::c30c:0:0:4","fe80::c30c:0:0:1","ICMPv6","76","RPL Control (Destination Advertisement Object)"
"1388","15.554202","fe80::c30c:0:0:4","fe80::c30c:0:0:1","ICMPv6","76","RPL Control (Destination Advertisement Object)"
"1389","15.557528","fe80::c30c:0:0:4","fe80::c30c:0:0:1","ICMPv6","76","RPL Control (Destination Advertisement Object)"
"1390","15.560855","fe80::c30c:0:0:4","fe80::c30c:0:0:1","ICMPv6","76","RPL Control (Destination Advertisement Object)"
"1391","15.564182","fe80::c30c:0:0:4","fe80::c30c:0:0:1","ICMPv6","76","RPL Control (Destination Advertisement Object)"
"1392","15.566519","fe80::c30c:0:0:2","ff02::1a","ICMPv6","97","RPL Control (DODAG Information Object)"
"1393","15.567508","fe80::c30c:0:0:4","fe80::c30c:0:0:1","ICMPv6","76","RPL Control (Destination Advertisement Object)"
"1394","15.570833","fe80::c30c:0:0:4","fe80::c30c:0:0:1","ICMPv6","76","RPL Control (Destination Advertisement Object)"
"1395","15.570856","fe80::c30c:0:0:2","ff02::1a","ICMPv6","97","RPL Control (DODAG Information Object)"
"1396","15.574159","fe80::c30c:0:0:4","fe80::c30c:0:0:1","ICMPv6","76","RPL Control (Destination Advertisement Object)"
"1397","15.575188","fe80::c30c:0:0:2","ff02::1a","ICMPv6","97","RPL Control (DODAG Information Object)"
"1398","15.577486","fe80::c30c:0:0:4","fe80::c30c:0:0:1","ICMPv6","76","RPL Control (Destination Advertisement Object)"
"1399","15.579522","fe80::c30c:0:0:2","ff02::1a","ICMPv6","97","RPL Control (DODAG Information Object)"
"1400","15.580814","fe80::c30c:0:0:4","fe80::c30c:0:0:1","ICMPv6","76","RPL Control (Destination Advertisement Object)"
"1401","15.584139","fe80::c30c:0:0:4","fe80::c30c:0:0:1","ICMPv6","76","RPL Control (Destination Advertisement Object)"
"1402","15.583857","fe80::c30c:0:0:2","ff02::1a","ICMPv6","97","RPL Control (DODAG Information Object)"
"1403","15.587466","fe80::c30c:0:0:4","fe80::c30c:0:0:1","ICMPv6","76","RPL Control (Destination Advertisement Object)"
"1404","15.588189","fe80::c30c:0:0:2","ff02::1a","ICMPv6","97","RPL Control (DODAG Information Object)"
"1405","15.590793","fe80::c30c:0:0:4","fe80::c30c:0:0:1","ICMPv6","76","RPL Control (Destination Advertisement Object)"
"1406","15.592524","fe80::c30c:0:0:2","ff02::1a","ICMPv6","97","RPL Control (DODAG Information Object)"
"1407","15.594118","fe80::c30c:0:0:4","fe80::c30c:0:0:1","ICMPv6","76","RPL Control (Destination Advertisement Object)"
"1408","15.597446","fe80::c30c:0:0:4","fe80::c30c:0:0:1","ICMPv6","76","RPL Control (Destination Advertisement Object)"
"1409","15.596856","fe80::c30c:0:0:2","ff02::1a","ICMPv6","97","RPL Control (DODAG Information Object)"
"1410","15.600772","fe80::c30c:0:0:4","fe80::c30c:0:0:1","ICMPv6","76","RPL Control (Destination Advertisement Object)"
"1411","15.601180","fe80::c30c:0:0:2","ff02::1a","ICMPv6","97","RPL Control (DODAG Information Object)"
"1412","15.604099","fe80::c30c:0:0:4","fe80::c30c:0:0:1","ICMPv6","76","RPL Control (Destination Advertisement Object)"
"1413","15.605523","fe80::c30c:0:0:2","ff02::1a","ICMPv6","97","RPL Control (DODAG Information Object)"
"1414","15.607424","fe80::c30c:0:0:4","fe80::c30c:0:0:1","ICMPv6","76","RPL Control (Destination Advertisement Object)"
"1415","15.609858","fe80::c30c:0:0:2","ff02::1a","ICMPv6","97","RPL Control (DODAG Information Object)"
"1416","15.610752","fe80::c30c:0:0:4","fe80::c30c:0:0:1","ICMPv6","76","RPL Control (Destination Advertisement Object)"
"1417","15.614078","fe80::c30c:0:0:4","fe80::c30c:0:0:1","ICMPv6","76","RPL Control (Destination Advertisement Object)"
"1418","15.614180","fe80::c30c:0:0:2","ff02::1a","ICMPv6","97","RPL Control (DODAG Information Object)"
"1419","15.617417","fe80::c30c:0:0:4","fe80::c30c:0:0:1","ICMPv6","76","RPL Control (Destination Advertisement Object)"
"1420","15.618523","fe80::c30c:0:0:2","ff02::1a","ICMPv6","97","RPL Control (DODAG Information Object)"
"1421","15.620729","fe80::c30c:0:0:4","fe80::c30c:0:0:1","ICMPv6","76","RPL Control (Destination Advertisement Object)"
"1422","15.622858","fe80::c30c:0:0:2","ff02::1a","ICMPv6","97","RPL Control (DODAG Information Object)"
"1423","15.624026","fe80::c30c:0:0:4","fe80::c30c:0:0:1","ICMPv6","76","RPL Control (Destination Advertisement Object)"
"1424","15.627353","fe80::c30c:0:0:4","fe80::c30c:0:0:1","ICMPv6","76","RPL Control (Destination Advertisement Object)"
"1425","15.627190","fe80::c30c:0:0:2","ff02::1a","ICMPv6","97","RPL Control (DODAG Information Object)"
"1426","15.630678","fe80::c30c:0:0:4","fe80::c30c:0:0:1","ICMPv6","76","RPL Control (Destination Advertisement Object)"
"1427","15.631514","fe80::c30c:0:0:2","ff02::1a","ICMPv6","97","RPL Control (DODAG Information Object)"
"1428","15.633975","fe80::c30c:0:0:4","fe80::c30c:0:0:1","ICMPv6","76","RPL Control (Destination Advertisement Object)"
"1429","15.635858","fe80::c30c:0:0:2","ff02::1a","ICMPv6","97","RPL Control (DODAG Information Object)"
"1430","15.637302","fe80::c30c:0:0:4","fe80::c30c:0:0:1","ICMPv6","76","RPL Control (Destination Advertisement Object)"
"1431","15.640627","fe80::c30c:0:0:4","fe80::c30c:0:0:1","ICMPv6","76","RPL Control (Destination Advertisement Object)"
"1432","15.640181","fe80::c30c:0:0:2","ff02::1a","ICMPv6","97","RPL Control (DODAG Information Object)"
"1433","15.643955","fe80::c30c:0:0:4","fe80::c30c:0:0:1","ICMPv6","76","RPL Control (Destination Advertisement Object)"
"1434","15.644526","fe80::c30c:0:0:2","ff02::1a","ICMPv6","97","RPL Control (DODAG Information Object)"
"1435","15.647281","fe80::c30c:0:0:4","fe80::c30c:0:0:1","ICMPv6","76","RPL Control (Destination Advertisement Object)"
"1436","15.648859","fe80::c30c:0:0:2","ff02::1a","ICMPv6","97","RPL Control (DODAG Information Object)"
"1437","15.650608","fe80::c30c:0:0:4","fe80::c30c:0:0:1","ICMPv6","76","RPL Control (Destination Advertisement Object)"
"1438","15.653191","fe80::c30c:0:0:2","ff02::1a","ICMPv6","97","RPL Control (DODAG Information Object)"
"1439","15.653934","fe80::c30c:0:0:4","fe80::c30c:0:0:1","ICMPv6","76","RPL Control (Destination Advertisement Object)"
"1440","15.657526","fe80::c30c:0:0:2","ff02::1a","ICMPv6","97","RPL Control (DODAG Information Object)"
"1441","15.661850","fe80::c30c:0:0:2","ff02::1a","ICMPv6","97","RPL Control (DODAG Information Object)"
"1442","15.664101","fe80::c30c:0:0:4","fe80::c30c:0:0:1","ICMPv6","76","RPL Control (Destination Advertisement Object)"
"1443","15.666192","fe80::c30c:0:0:2","ff02::1a","ICMPv6","97","RPL Control (DODAG Information Object)"
"1444","15.667422","fe80::c30c:0:0:4","fe80::c30c:0:0:1","ICMPv6","76","RPL Control (Destination Advertisement Object)"
"1445","15.670718","fe80::c30c:0:0:4","fe80::c30c:0:0:1","ICMPv6","76","RPL Control (Destination Advertisement Object)"
"1446","15.670527","fe80::c30c:0:0:2","ff02::1a","ICMPv6","97","RPL Control (DODAG Information Object)"
"1447","15.674045","fe80::c30c:0:0:4","fe80::c30c:0:0:1","ICMPv6","76","RPL Control (Destination Advertisement Object)"
"1448","15.674859","fe80::c30c:0:0:2","ff02::1a","ICMPv6","97","RPL Control (DODAG Information Object)"
"1449","15.677371","fe80::c30c:0:0:4","fe80::c30c:0:0:1","ICMPv6","76","RPL Control (Destination Advertisement Object)"
"1450","15.679193","fe80::c30c:0:0:2","ff02::1a","ICMPv6","97","RPL Control (DODAG Information Object)"
"1451","15.680698","fe80::c30c:0:0:4","fe80::c30c:0:0:1","ICMPv6","76","RPL Control (Destination Advertisement Object)"
"1452","15.684023","fe80::c30c:0:0:4","fe80::c30c:0:0:1","ICMPv6","76","RPL Control (Destination Advertisement Object)"
"1453","15.683526","fe80::c30c:0:0:2","ff02::1a","ICMPv6","97","RPL Control (DODAG Information Object)"
"1454","15.687351","fe80::c30c:0:0:4","fe80::c30c:0:0:1","ICMPv6","76","RPL Control (Destination Advertisement Object)"
"1455","15.687860","fe80::c30c:0:0:2","ff02::1a","ICMPv6","97","RPL Control (DODAG Information Object)"
"1456","15.690675","fe80::c30c:0:0:4","fe80::c30c:0:0:1","ICMPv6","76","RPL Control (Destination Advertisement Object)"
"1457","15.692192","fe80::c30c:0:0:2","ff02::1a","ICMPv6","97","RPL Control (DODAG Information Object)"
"1458","15.693973","fe80::c30c:0:0:4","fe80::c30c:0:0:1","ICMPv6","76","RPL Control (Destination Advertisement Object)"
"1459","15.697299","fe80::c30c:0:0:4","fe80::c30c:0:0:1","ICMPv6","76","RPL Control (Destination Advertisement Object)"
"1460","15.700625","fe80::c30c:0:0:4","fe80::c30c:0:0:1","ICMPv6","76","RPL Control (Destination Advertisement Object)"
"1461","15.703951","fe80::c30c:0:0:4","fe80::c30c:0:0:1","ICMPv6","76","RPL Control (Destination Advertisement Object)"
"1462","15.707277","fe80::c30c:0:0:4","fe80::c30c:0:0:1","ICMPv6","76","RPL Control (Destination Advertisement Object)"
"1463","15.710605","fe80::c30c:0:0:4","fe80::c30c:0:0:1","ICMPv6","76","RPL Control (Destination Advertisement Object)"
"1464","15.713931","fe80::c30c:0:0:4","fe80::c30c:0:0:1","ICMPv6","76","RPL Control (Destination Advertisement Object)"
"1465","15.717258","fe80::c30c:0:0:4","fe80::c30c:0:0:1","ICMPv6","76","RPL Control (Destination Advertisement Object)"
"1466","15.720584","fe80::c30c:0:0:4","fe80::c30c:0:0:1","ICMPv6","76","RPL Control (Destination Advertisement Object)"
"1467","15.723910","fe80::c30c:0:0:4","fe80::c30c:0:0:1","ICMPv6","76","RPL Control (Destination Advertisement Object)"
"1468","15.727237","fe80::c30c:0:0:4","fe80::c30c:0:0:1","ICMPv6","76","RPL Control (Destination Advertisement Object)"
"1469","15.730563","fe80::c30c:0:0:4","fe80::c30c:0:0:1","ICMPv6","76","RPL Control (Destination Advertisement Object)"
"1470","15.733890","fe80::c30c:0:0:4","fe80::c30c:0:0:1","ICMPv6","76","RPL Control (Destination Advertisement Object)"
"1471","15.737215","fe80::c30c:0:0:4","fe80::c30c:0:0:1","ICMPv6","76","RPL Control (Destination Advertisement Object)"
"1472","15.740543","fe80::c30c:0:0:4","fe80::c30c:0:0:1","ICMPv6","76","RPL Control (Destination Advertisement Object)"
"1473","15.743869","fe80::c30c:0:0:4","fe80::c30c:0:0:1","ICMPv6","76","RPL Control (Destination Advertisement Object)"
"1474","15.747196","fe80::c30c:0:0:4","fe80::c30c:0:0:1","ICMPv6","76","RPL Control (Destination Advertisement Object)"
"1475","15.750521","fe80::c30c:0:0:4","fe80::c30c:0:0:1","ICMPv6","76","RPL Control (Destination Advertisement Object)"
"1476","15.753847","fe80::c30c:0:0:4","fe80::c30c:0:0:1","ICMPv6","76","RPL Control (Destination Advertisement Object)"
"1477","15.757173","fe80::c30c:0:0:4","fe80::c30c:0:0:1","ICMPv6","76","RPL Control (Destination Advertisement Object)"
"1478","15.760501","fe80::c30c:0:0:4","fe80::c30c:0:0:1","ICMPv6","76","RPL Control (Destination Advertisement Object)"
"1479","15.763342","","","IEEE 802.15.4","5","Ack"
"1480","15.797186","fe80::c30c:0:0:9","ff02::1a","ICMPv6","97","RPL Control (DODAG Information Object)"
"1481","15.801504","fe80::c30c:0:0:9","ff02::1a","ICMPv6","97","RPL Control (DODAG Information Object)"
"1482","15.805842","fe80::c30c:0:0:9","ff02::1a","ICMPv6","97","RPL Control (DODAG Information Object)"
"1483","15.810179","fe80::c30c:0:0:9","ff02::1a","ICMPv6","97","RPL Control (DODAG Information Object)"
"1484","15.814513","fe80::c30c:0:0:9","ff02::1a","ICMPv6","97","RPL Control (DODAG Information Object)"
"1485","15.818838","fe80::c30c:0:0:9","ff02::1a","ICMPv6","97","RPL Control (DODAG Information Object)"
"1486","15.823170","fe80::c30c:0:0:9","ff02::1a","ICMPv6","97","RPL Control (DODAG Information Object)"
"1487","15.827515","fe80::c30c:0:0:9","ff02::1a","ICMPv6","97","RPL Control (DODAG Information Object)"
"1488","15.831848","fe80::c30c:0:0:9","ff02::1a","ICMPv6","97","RPL Control (DODAG Information Object)"
"1489","15.836180","fe80::c30c:0:0:9","ff02::1a","ICMPv6","97","RPL Control (DODAG Information Object)"
"1490","15.840506","fe80::c30c:0:0:9","ff02::1a","ICMPv6","97","RPL Control (DODAG Information Object)"
"1491","15.844842","fe80::c30c:0:0:9","ff02::1a","ICMPv6","97","RPL Control (DODAG Information Object)"
"1492","15.849181","fe80::c30c:0:0:9","ff02::1a","ICMPv6","97","RPL Control (DODAG Information Object)"
"1493","15.853516","fe80::c30c:0:0:9","ff02::1a","ICMPv6","97","RPL Control (DODAG Information Object)"
"1494","15.857848","fe80::c30c:0:0:9","ff02::1a","ICMPv6","97","RPL Control (DODAG Information Object)"
"1495","15.862181","fe80::c30c:0:0:9","ff02::1a","ICMPv6","97","RPL Control (DODAG Information Object)"
"1496","15.866507","fe80::c30c:0:0:9","ff02::1a","ICMPv6","97","RPL Control (DODAG Information Object)"
"1497","15.870849","fe80::c30c:0:0:9","ff02::1a","ICMPv6","97","RPL Control (DODAG Information Object)"
"1498","15.875183","fe80::c30c:0:0:9","ff02::1a","ICMPv6","97","RPL Control (DODAG Information Object)"
"1499","15.879517","fe80::c30c:0:0:9","ff02::1a","ICMPv6","97","RPL Control (DODAG Information Object)"
"1500","15.883839","fe80::c30c:0:0:9","ff02::1a","ICMPv6","97","RPL Control (DODAG Information Object)"
"1501","15.888184","fe80::c30c:0:0:9","ff02::1a","ICMPv6","97","RPL Control (DODAG Information Object)"
"1502","15.892506","fe80::c30c:0:0:9","ff02::1a","ICMPv6","97","RPL Control (DODAG Information Object)"
"1503","15.896850","fe80::c30c:0:0:9","ff02::1a","ICMPv6","97","RPL Control (DODAG Information Object)"
"1504","15.901184","fe80::c30c:0:0:9","ff02::1a","ICMPv6","97","RPL Control (DODAG Information Object)"
"1505","15.905508","fe80::c30c:0:0:9","ff02::1a","ICMPv6","97","RPL Control (DODAG Information Object)"
"1506","15.909850","fe80::c30c:0:0:9","ff02::1a","ICMPv6","97","RPL Control (DODAG Information Object)"
"1507","15.914185","fe80::c30c:0:0:9","ff02::1a","ICMPv6","97","RPL Control (DODAG Information Object)"
"1508","15.918518","fe80::c30c:0:0:9","ff02::1a","ICMPv6","97","RPL Control (DODAG Information Object)"
"1509","15.922840","fe80::c30c:0:0:9","ff02::1a","ICMPv6","97","RPL Control (DODAG Information Object)"
"1510","15.937716","fe80::c30c:0:0:6","ff02::1a","ICMPv6","97","RPL Control (DODAG Information Object)"
"1511","15.942050","fe80::c30c:0:0:6","ff02::1a","ICMPv6","97","RPL Control (DODAG Information Object)"
"1512","15.946385","fe80::c30c:0:0:6","ff02::1a","ICMPv6","97","RPL Control (DODAG Information Object)"
"1513","15.950717","fe80::c30c:0:0:6","ff02::1a","ICMPv6","97","RPL Control (DODAG Information Object)"
"1514","15.955052","fe80::c30c:0:0:6","ff02::1a","ICMPv6","97","RPL Control (DODAG Information Object)"
"1515","15.959385","fe80::c30c:0:0:6","ff02::1a","ICMPv6","97","RPL Control (DODAG Information Object)"
"1516","15.963707","fe80::c30c:0:0:6","ff02::1a","ICMPv6","97","RPL Control (DODAG Information Object)"
"1517","15.968010","fe80::c30c:0:0:6","ff02::1a","ICMPv6","97","RPL Control (DODAG Information Object)"
"1518","15.972354","fe80::c30c:0:0:6","ff02::1a","ICMPv6","97","RPL Control (DODAG Information Object)"
"1519","15.976679","fe80::c30c:0:0:6","ff02::1a","ICMPv6","97","RPL Control (DODAG Information Object)"
"1520","15.981012","fe80::c30c:0:0:6","ff02::1a","ICMPv6","97","RPL Control (DODAG Information Object)"
"1521","15.985355","fe80::c30c:0:0:6","ff02::1a","ICMPv6","97","RPL Control (DODAG Information Object)"
"1522","15.989679","fe80::c30c:0:0:6","ff02::1a","ICMPv6","97","RPL Control (DODAG Information Object)"
"1523","15.994022","fe80::c30c:0:0:6","ff02::1a","ICMPv6","97","RPL Control (DODAG Information Object)"
"1524","15.998355","fe80::c30c:0:0:6","ff02::1a","ICMPv6","97","RPL Control (DODAG Information Object)"
"1525","16.002689","fe80::c30c:0:0:6","ff02::1a","ICMPv6","97","RPL Control (DODAG Information Object)"
"1526","16.007022","fe80::c30c:0:0:6","ff02::1a","ICMPv6","97","RPL Control (DODAG Information Object)"
"1527","16.011356","fe80::c30c:0:0:6","ff02::1a","ICMPv6","97","RPL Control (DODAG Information Object)"
"1528","16.015679","fe80::c30c:0:0:6","ff02::1a","ICMPv6","97","RPL Control (DODAG Information Object)"
"1529","16.020022","fe80::c30c:0:0:6","ff02::1a","ICMPv6","97","RPL Control (DODAG Information Object)"
"1530","16.024357","fe80::c30c:0:0:6","ff02::1a","ICMPv6","97","RPL Control (DODAG Information Object)"
"1531","16.028690","fe80::c30c:0:0:6","ff02::1a","ICMPv6","97","RPL Control (DODAG Information Object)"
"1532","16.033024","fe80::c30c:0:0:6","ff02::1a","ICMPv6","97","RPL Control (DODAG Information Object)"
"1533","16.037356","fe80::c30c:0:0:6","ff02::1a","ICMPv6","97","RPL Control (DODAG Information Object)"
"1534","16.041689","fe80::c30c:0:0:6","ff02::1a","ICMPv6","97","RPL Control (DODAG Information Object)"
"1535","16.046023","fe80::c30c:0:0:6","ff02::1a","ICMPv6","97","RPL Control (DODAG Information Object)"
"1536","16.050356","fe80::c30c:0:0:6","ff02::1a","ICMPv6","97","RPL Control (DODAG Information Object)"
"1537","16.054690","fe80::c30c:0:0:6","ff02::1a","ICMPv6","97","RPL Control (DODAG Information Object)"
"1538","16.059059","fe80::c30c:0:0:6","ff02::1a","ICMPv6","97","RPL Control (DODAG Information Object)"
"1539","16.063388","fe80::c30c:0:0:6","ff02::1a","ICMPv6","97","RPL Control (DODAG Information Object)"
"1540","16.561450","fe80::c30c:0:0:5","ff02::1a","ICMPv6","97","RPL Control (DODAG Information Object)"
"1541","16.565776","fe80::c30c:0:0:5","ff02::1a","ICMPv6","97","RPL Control (DODAG Information Object)"
"1542","16.570107","fe80::c30c:0:0:5","ff02::1a","ICMPv6","97","RPL Control (DODAG Information Object)"
"1543","16.574444","fe80::c30c:0:0:5","ff02::1a","ICMPv6","97","RPL Control (DODAG Information Object)"
"1544","16.578778","fe80::c30c:0:0:5","ff02::1a","ICMPv6","97","RPL Control (DODAG Information Object)"
"1545","16.583111","fe80::c30c:0:0:5","ff02::1a","ICMPv6","97","RPL Control (DODAG Information Object)"
"1546","16.587445","fe80::c30c:0:0:5","ff02::1a","ICMPv6","97","RPL Control (DODAG Information Object)"
"1547","16.591778","fe80::c30c:0:0:5","ff02::1a","ICMPv6","97","RPL Control (DODAG Information Object)"
"1548","16.596110","fe80::c30c:0:0:5","ff02::1a","ICMPv6","97","RPL Control (DODAG Information Object)"
"1549","16.600434","fe80::c30c:0:0:5","ff02::1a","ICMPv6","97","RPL Control (DODAG Information Object)"
"1550","16.604769","fe80::c30c:0:0:5","ff02::1a","ICMPv6","97","RPL Control (DODAG Information Object)"
"1551","16.609118","fe80::c30c:0:0:5","ff02::1a","ICMPv6","97","RPL Control (DODAG Information Object)"
"1552","16.613444","fe80::c30c:0:0:5","ff02::1a","ICMPv6","97","RPL Control (DODAG Information Object)"
"1553","16.617778","fe80::c30c:0:0:5","ff02::1a","ICMPv6","97","RPL Control (DODAG Information Object)"
"1554","16.622113","fe80::c30c:0:0:5","ff02::1a","ICMPv6","97","RPL Control (DODAG Information Object)"
"1555","16.626446","fe80::c30c:0:0:5","ff02::1a","ICMPv6","97","RPL Control (DODAG Information Object)"
"1556","16.630769","fe80::c30c:0:0:5","ff02::1a","ICMPv6","97","RPL Control (DODAG Information Object)"
"1557","16.635112","fe80::c30c:0:0:5","ff02::1a","ICMPv6","97","RPL Control (DODAG Information Object)"
"1558","16.639447","fe80::c30c:0:0:5","ff02::1a","ICMPv6","97","RPL Control (DODAG Information Object)"
"1559","16.643780","fe80::c30c:0:0:5","ff02::1a","ICMPv6","97","RPL Control (DODAG Information Object)"
"1560","16.648104","fe80::c30c:0:0:5","ff02::1a","ICMPv6","97","RPL Control (DODAG Information Object)"
"1561","16.652447","fe80::c30c:0:0:5","ff02::1a","ICMPv6","97","RPL Control (DODAG Information Object)"
"1562","16.656800","fe80::c30c:0:0:5","ff02::1a","ICMPv6","97","RPL Control (DODAG Information Object)"
"1563","16.661145","fe80::c30c:0:0:5","ff02::1a","ICMPv6","97","RPL Control (DODAG Information Object)"
"1564","16.665478","fe80::c30c:0:0:5","ff02::1a","ICMPv6","97","RPL Control (DODAG Information Object)"
"1565","16.669810","fe80::c30c:0:0:5","ff02::1a","ICMPv6","97","RPL Control (DODAG Information Object)"
"1566","16.674144","fe80::c30c:0:0:5","ff02::1a","ICMPv6","97","RPL Control (DODAG Information Object)"
"1567","16.678477","fe80::c30c:0:0:5","ff02::1a","ICMPv6","97","RPL Control (DODAG Information Object)"
"1568","16.682812","fe80::c30c:0:0:5","ff02::1a","ICMPv6","97","RPL Control (DODAG Information Object)"
"1569","16.687144","fe80::c30c:0:0:5","ff02::1a","ICMPv6","97","RPL Control (DODAG Information Object)"
"1570","16.925427","fe80::c30c:0:0:3","ff02::1a","ICMPv6","97","RPL Control (DODAG Information Object)"
"1571","16.929745","fe80::c30c:0:0:3","ff02::1a","ICMPv6","97","RPL Control (DODAG Information Object)"
"1572","16.934083","fe80::c30c:0:0:3","ff02::1a","ICMPv6","97","RPL Control (DODAG Information Object)"
"1573","16.938420","fe80::c30c:0:0:3","ff02::1a","ICMPv6","97","RPL Control (DODAG Information Object)"
"1574","16.942746","fe80::c30c:0:0:3","ff02::1a","ICMPv6","97","RPL Control (DODAG Information Object)"
"1575","16.947088","fe80::c30c:0:0:3","ff02::1a","ICMPv6","97","RPL Control (DODAG Information Object)"
"1576","16.951421","fe80::c30c:0:0:3","ff02::1a","ICMPv6","97","RPL Control (DODAG Information Object)"
"1577","16.955756","fe80::c30c:0:0:3","ff02::1a","ICMPv6","97","RPL Control (DODAG Information Object)"
"1578","16.960088","fe80::c30c:0:0:3","ff02::1a","ICMPv6","97","RPL Control (DODAG Information Object)"
"1579","16.964423","fe80::c30c:0:0:3","ff02::1a","ICMPv6","97","RPL Control (DODAG Information Object)"
"1580","16.968756","fe80::c30c:0:0:3","ff02::1a","ICMPv6","97","RPL Control (DODAG Information Object)"
"1581","16.973085","fe80::c30c:0:0:3","ff02::1a","ICMPv6","97","RPL Control (DODAG Information Object)"
"1582","16.977422","fe80::c30c:0:0:3","ff02::1a","ICMPv6","97","RPL Control (DODAG Information Object)"
"1583","16.981756","fe80::c30c:0:0:3","ff02::1a","ICMPv6","97","RPL Control (DODAG Information Object)"
"1584","16.986090","fe80::c30c:0:0:3","ff02::1a","ICMPv6","97","RPL Control (DODAG Information Object)"
"1585","16.990424","fe80::c30c:0:0:3","ff02::1a","ICMPv6","97","RPL Control (DODAG Information Object)"
"1586","16.994756","fe80::c30c:0:0:3","ff02::1a","ICMPv6","97","RPL Control (DODAG Information Object)"
"1587","16.999091","fe80::c30c:0:0:3","ff02::1a","ICMPv6","97","RPL Control (DODAG Information Object)"
"1588","17.003423","fe80::c30c:0:0:3","ff02::1a","ICMPv6","97","RPL Control (DODAG Information Object)"
"1589","17.007747","fe80::c30c:0:0:3","ff02::1a","ICMPv6","97","RPL Control (DODAG Information Object)"
"1590","17.012102","fe80::c30c:0:0:3","ff02::1a","ICMPv6","97","RPL Control (DODAG Information Object)"
"1591","17.016415","fe80::c30c:0:0:3","ff02::1a","ICMPv6","97","RPL Control (DODAG Information Object)"
"1592","17.020748","fe80::c30c:0:0:3","ff02::1a","ICMPv6","97","RPL Control (DODAG Information Object)"
"1593","17.025082","fe80::c30c:0:0:3","ff02::1a","ICMPv6","97","RPL Control (DODAG Information Object)"
"1594","17.029424","fe80::c30c:0:0:3","ff02::1a","ICMPv6","97","RPL Control (DODAG Information Object)"
"1595","17.033759","fe80::c30c:0:0:3","ff02::1a","ICMPv6","97","RPL Control (DODAG Information Object)"
"1596","17.038091","fe80::c30c:0:0:3","ff02::1a","ICMPv6","97","RPL Control (DODAG Information Object)"
"1597","17.042425","fe80::c30c:0:0:3","ff02::1a","ICMPv6","97","RPL Control (DODAG Information Object)"
"1598","17.046758","fe80::c30c:0:0:3","ff02::1a","ICMPv6","97","RPL Control (DODAG Information Object)"
"1599","17.051093","fe80::c30c:0:0:3","ff02::1a","ICMPv6","97","RPL Control (DODAG Information Object)"
"1600","17.593876","fe80::c30c:0:0:3","fe80::c30c:0:0:b","ICMPv6","76","RPL Control (Destination Advertisement Object)"
"1601","17.597189","fe80::c30c:0:0:3","fe80::c30c:0:0:b","ICMPv6","76","RPL Control (Destination Advertisement Object)"
"1602","17.600514","fe80::c30c:0:0:3","fe80::c30c:0:0:b","ICMPv6","76","RPL Control (Destination Advertisement Object)"
"1603","17.603840","fe80::c30c:0:0:3","fe80::c30c:0:0:b","ICMPv6","76","RPL Control (Destination Advertisement Object)"
"1604","17.607168","fe80::c30c:0:0:3","fe80::c30c:0:0:b","ICMPv6","76","RPL Control (Destination Advertisement Object)"
"1605","17.610494","fe80::c30c:0:0:3","fe80::c30c:0:0:b","ICMPv6","76","RPL Control (Destination Advertisement Object)"
"1606","17.613820","fe80::c30c:0:0:3","fe80::c30c:0:0:b","ICMPv6","76","RPL Control (Destination Advertisement Object)"
"1607","17.617147","fe80::c30c:0:0:3","fe80::c30c:0:0:b","ICMPv6","76","RPL Control (Destination Advertisement Object)"
"1608","17.620474","fe80::c30c:0:0:3","fe80::c30c:0:0:b","ICMPv6","76","RPL Control (Destination Advertisement Object)"
"1609","17.623799","fe80::c30c:0:0:3","fe80::c30c:0:0:b","ICMPv6","76","RPL Control (Destination Advertisement Object)"
"1610","17.627094","fe80::c30c:0:0:3","fe80::c30c:0:0:b","ICMPv6","76","RPL Control (Destination Advertisement Object)"
"1611","17.630422","fe80::c30c:0:0:3","fe80::c30c:0:0:b","ICMPv6","76","RPL Control (Destination Advertisement Object)"
"1612","17.633749","fe80::c30c:0:0:3","fe80::c30c:0:0:b","ICMPv6","76","RPL Control (Destination Advertisement Object)"
"1613","17.637112","fe80::c30c:0:0:3","fe80::c30c:0:0:b","ICMPv6","76","RPL Control (Destination Advertisement Object)"
"1614","17.640431","fe80::c30c:0:0:3","fe80::c30c:0:0:b","ICMPv6","76","RPL Control (Destination Advertisement Object)"
"1615","17.643727","fe80::c30c:0:0:3","fe80::c30c:0:0:b","ICMPv6","76","RPL Control (Destination Advertisement Object)"
"1616","17.645200","fe80::c30c:0:0:9","fe80::c30c:0:0:7","ICMPv6","76","RPL Control (Destination Advertisement Object)"
"1617","17.647054","fe80::c30c:0:0:3","fe80::c30c:0:0:b","ICMPv6","76","RPL Control (Destination Advertisement Object)"
"1618","17.648513","fe80::c30c:0:0:9","fe80::c30c:0:0:7","ICMPv6","76","RPL Control (Destination Advertisement Object)"
"1619","17.650381","fe80::c30c:0:0:3","fe80::c30c:0:0:b","ICMPv6","76","RPL Control (Destination Advertisement Object)"
"1620","17.651840","fe80::c30c:0:0:9","fe80::c30c:0:0:7","ICMPv6","76","RPL Control (Destination Advertisement Object)"
"1621","17.653707","fe80::c30c:0:0:3","fe80::c30c:0:0:b","ICMPv6","76","RPL Control (Destination Advertisement Object)"
"1622","17.655166","fe80::c30c:0:0:9","fe80::c30c:0:0:7","ICMPv6","76","RPL Control (Destination Advertisement Object)"
"1623","17.657034","fe80::c30c:0:0:3","fe80::c30c:0:0:b","ICMPv6","76","RPL Control (Destination Advertisement Object)"
"1624","17.658492","fe80::c30c:0:0:9","fe80::c30c:0:0:7","ICMPv6","76","RPL Control (Destination Advertisement Object)"
"1625","17.660359","fe80::c30c:0:0:3","fe80::c30c:0:0:b","ICMPv6","76","RPL Control (Destination Advertisement Object)"
"1626","17.661817","fe80::c30c:0:0:9","fe80::c30c:0:0:7","ICMPv6","76","RPL Control (Destination Advertisement Object)"
"1627","17.663687","fe80::c30c:0:0:3","fe80::c30c:0:0:b","ICMPv6","76","RPL Control (Destination Advertisement Object)"
"1628","17.665114","fe80::c30c:0:0:9","fe80::c30c:0:0:7","ICMPv6","76","RPL Control (Destination Advertisement Object)"
"1629","17.667013","fe80::c30c:0:0:3","fe80::c30c:0:0:b","ICMPv6","76","RPL Control (Destination Advertisement Object)"
"1630","17.668440","fe80::c30c:0:0:9","fe80::c30c:0:0:7","ICMPv6","76","RPL Control (Destination Advertisement Object)"
"1631","17.670340","fe80::c30c:0:0:3","fe80::c30c:0:0:b","ICMPv6","76","RPL Control (Destination Advertisement Object)"
"1632","17.671768","fe80::c30c:0:0:9","fe80::c30c:0:0:7","ICMPv6","76","RPL Control (Destination Advertisement Object)"
"1633","17.673666","fe80::c30c:0:0:3","fe80::c30c:0:0:b","ICMPv6","76","RPL Control (Destination Advertisement Object)"
"1634","17.675093","fe80::c30c:0:0:9","fe80::c30c:0:0:7","ICMPv6","76","RPL Control (Destination Advertisement Object)"
"1635","17.676992","fe80::c30c:0:0:3","fe80::c30c:0:0:b","ICMPv6","76","RPL Control (Destination Advertisement Object)"
"1636","17.678390","fe80::c30c:0:0:9","fe80::c30c:0:0:7","ICMPv6","76","RPL Control (Destination Advertisement Object)"
"1637","17.680317","fe80::c30c:0:0:3","fe80::c30c:0:0:b","ICMPv6","76","RPL Control (Destination Advertisement Object)"
"1638","17.681715","fe80::c30c:0:0:9","fe80::c30c:0:0:7","ICMPv6","76","RPL Control (Destination Advertisement Object)"
"1639","17.683645","fe80::c30c:0:0:3","fe80::c30c:0:0:b","ICMPv6","76","RPL Control (Destination Advertisement Object)"
"1640","17.685011","fe80::c30c:0:0:9","fe80::c30c:0:0:7","ICMPv6","76","RPL Control (Destination Advertisement Object)"
"1641","17.686972","fe80::c30c:0:0:3","fe80::c30c:0:0:b","ICMPv6","76","RPL Control (Destination Advertisement Object)"
"1642","17.688339","fe80::c30c:0:0:9","fe80::c30c:0:0:7","ICMPv6","76","RPL Control (Destination Advertisement Object)"
"1643","17.690296","fe80::c30c:0:0:3","fe80::c30c:0:0:b","ICMPv6","76","RPL Control (Destination Advertisement Object)"
"1644","17.691664","fe80::c30c:0:0:9","fe80::c30c:0:0:7","ICMPv6","76","RPL Control (Destination Advertisement Object)"
"1645","17.693594","fe80::c30c:0:0:3","fe80::c30c:0:0:b","ICMPv6","76","RPL Control (Destination Advertisement Object)"
"1646","17.694992","fe80::c30c:0:0:9","fe80::c30c:0:0:7","ICMPv6","76","RPL Control (Destination Advertisement Object)"
"1647","17.696920","fe80::c30c:0:0:3","fe80::c30c:0:0:b","ICMPv6","76","RPL Control (Destination Advertisement Object)"
"1648","17.698318","fe80::c30c:0:0:9","fe80::c30c:0:0:7","ICMPv6","76","RPL Control (Destination Advertisement Object)"
"1649","17.700247","fe80::c30c:0:0:3","fe80::c30c:0:0:b","ICMPv6","76","RPL Control (Destination Advertisement Object)"
"1650","17.701643","fe80::c30c:0:0:9","fe80::c30c:0:0:7","ICMPv6","76","RPL Control (Destination Advertisement Object)"
"1651","17.703572","fe80::c30c:0:0:3","fe80::c30c:0:0:b","ICMPv6","76","RPL Control (Destination Advertisement Object)"
"1652","17.704940","fe80::c30c:0:0:9","fe80::c30c:0:0:7","ICMPv6","76","RPL Control (Destination Advertisement Object)"
"1653","17.706869","fe80::c30c:0:0:3","fe80::c30c:0:0:b","ICMPv6","76","RPL Control (Destination Advertisement Object)"
"1654","17.708345","fe80::c30c:0:0:9","fe80::c30c:0:0:7","ICMPv6","76","RPL Control (Destination Advertisement Object)"
"1655","17.710196","fe80::c30c:0:0:3","fe80::c30c:0:0:b","ICMPv6","76","RPL Control (Destination Advertisement Object)"
"1656","17.711653","fe80::c30c:0:0:9","fe80::c30c:0:0:7","ICMPv6","76","RPL Control (Destination Advertisement Object)"
"1657","17.713520","fe80::c30c:0:0:3","fe80::c30c:0:0:b","ICMPv6","76","RPL Control (Destination Advertisement Object)"
"1658","17.714949","fe80::c30c:0:0:9","fe80::c30c:0:0:7","ICMPv6","76","RPL Control (Destination Advertisement Object)"
"1659","17.716818","fe80::c30c:0:0:3","fe80::c30c:0:0:b","ICMPv6","76","RPL Control (Destination Advertisement Object)"
"1660","17.718246","fe80::c30c:0:0:9","fe80::c30c:0:0:7","ICMPv6","76","RPL Control (Destination Advertisement Object)"
"1661","17.720144","fe80::c30c:0:0:3","fe80::c30c:0:0:b","ICMPv6","76","RPL Control (Destination Advertisement Object)"
"1662","17.721572","fe80::c30c:0:0:9","fe80::c30c:0:0:7","ICMPv6","76","RPL Control (Destination Advertisement Object)"
"1663","17.724899","fe80::c30c:0:0:9","fe80::c30c:0:0:7","ICMPv6","76","RPL Control (Destination Advertisement Object)"
"1664","17.728226","fe80::c30c:0:0:9","fe80::c30c:0:0:7","ICMPv6","76","RPL Control (Destination Advertisement Object)"
"1665","17.730381","fe80::c30c:0:0:3","fe80::c30c:0:0:b","ICMPv6","76","RPL Control (Destination Advertisement Object)"
"1666","17.731552","fe80::c30c:0:0:9","fe80::c30c:0:0:7","ICMPv6","76","RPL Control (Destination Advertisement Object)"
"1667","17.733694","fe80::c30c:0:0:3","fe80::c30c:0:0:b","ICMPv6","76","RPL Control (Destination Advertisement Object)"
"1668","17.734878","fe80::c30c:0:0:9","fe80::c30c:0:0:7","ICMPv6","76","RPL Control (Destination Advertisement Object)"
"1669","17.737020","fe80::c30c:0:0:3","fe80::c30c:0:0:b","ICMPv6","76","RPL Control (Destination Advertisement Object)"
"1670","17.738204","fe80::c30c:0:0:9","fe80::c30c:0:0:7","ICMPv6","76","RPL Control (Destination Advertisement Object)"
"1671","17.740346","fe80::c30c:0:0:3","fe80::c30c:0:0:b","ICMPv6","76","RPL Control (Destination Advertisement Object)"
"1672","17.741529","fe80::c30c:0:0:9","fe80::c30c:0:0:7","ICMPv6","76","RPL Control (Destination Advertisement Object)"
"1673","17.743673","fe80::c30c:0:0:3","fe80::c30c:0:0:b","ICMPv6","76","RPL Control (Destination Advertisement Object)"
"1674","17.744827","fe80::c30c:0:0:9","fe80::c30c:0:0:7","ICMPv6","76","RPL Control (Destination Advertisement Object)"
"1675","17.747000","fe80::c30c:0:0:3","fe80::c30c:0:0:b","ICMPv6","76","RPL Control (Destination Advertisement Object)"
"1676","17.748153","fe80::c30c:0:0:9","fe80::c30c:0:0:7","ICMPv6","76","RPL Control (Destination Advertisement Object)"
"1677","17.750325","fe80::c30c:0:0:3","fe80::c30c:0:0:b","ICMPv6","76","RPL Control (Destination Advertisement Object)"
"1678","17.751479","fe80::c30c:0:0:9","fe80::c30c:0:0:7","ICMPv6","76","RPL Control (Destination Advertisement Object)"
"1679","17.753622","fe80::c30c:0:0:3","fe80::c30c:0:0:b","ICMPv6","76","RPL Control (Destination Advertisement Object)"
"1680","17.754805","fe80::c30c:0:0:9","fe80::c30c:0:0:7","ICMPv6","76","RPL Control (Destination Advertisement Object)"
"1681","17.756947","fe80::c30c:0:0:3","fe80::c30c:0:0:b","ICMPv6","76","RPL Control (Destination Advertisement Object)"
"1682","17.758102","fe80::c30c:0:0:9","fe80::c30c:0:0:7","ICMPv6","76","RPL Control (Destination Advertisement Object)"
"1683","17.760275","fe80::c30c:0:0:3","fe80::c30c:0:0:b","ICMPv6","76","RPL Control (Destination Advertisement Object)"
"1684","17.761428","fe80::c30c:0:0:9","fe80::c30c:0:0:7","ICMPv6","76","RPL Control (Destination Advertisement Object)"
"1685","17.763601","fe80::c30c:0:0:3","fe80::c30c:0:0:b","ICMPv6","76","RPL Control (Destination Advertisement Object)"
"1686","17.764753","fe80::c30c:0:0:9","fe80::c30c:0:0:7","ICMPv6","76","RPL Control (Destination Advertisement Object)"
"1687","17.766928","fe80::c30c:0:0:3","fe80::c30c:0:0:b","ICMPv6","76","RPL Control (Destination Advertisement Object)"
"1688","17.768080","fe80::c30c:0:0:9","fe80::c30c:0:0:7","ICMPv6","76","RPL Control (Destination Advertisement Object)"
"1689","17.770253","fe80::c30c:0:0:3","fe80::c30c:0:0:b","ICMPv6","76","RPL Control (Destination Advertisement Object)"
"1690","17.771408","fe80::c30c:0:0:9","fe80::c30c:0:0:7","ICMPv6","76","RPL Control (Destination Advertisement Object)"
"1691","17.773579","fe80::c30c:0:0:3","fe80::c30c:0:0:b","ICMPv6","76","RPL Control (Destination Advertisement Object)"
"1692","17.776906","fe80::c30c:0:0:3","fe80::c30c:0:0:b","ICMPv6","76","RPL Control (Destination Advertisement Object)"
"1693","17.780233","fe80::c30c:0:0:3","fe80::c30c:0:0:b","ICMPv6","76","RPL Control (Destination Advertisement Object)"
"1694","17.781582","fe80::c30c:0:0:9","fe80::c30c:0:0:7","ICMPv6","76","RPL Control (Destination Advertisement Object)"
"1695","17.783558","fe80::c30c:0:0:3","fe80::c30c:0:0:b","ICMPv6","76","RPL Control (Destination Advertisement Object)"
"1696","17.784895","fe80::c30c:0:0:9","fe80::c30c:0:0:7","ICMPv6","76","RPL Control (Destination Advertisement Object)"
"1697","17.786885","fe80::c30c:0:0:3","fe80::c30c:0:0:b","ICMPv6","76","RPL Control (Destination Advertisement Object)"
"1698","17.788223","fe80::c30c:0:0:9","fe80::c30c:0:0:7","ICMPv6","76","RPL Control (Destination Advertisement Object)"
"1699","17.790213","fe80::c30c:0:0:3","fe80::c30c:0:0:b","ICMPv6","76","RPL Control (Destination Advertisement Object)"
"1700","17.791549","fe80::c30c:0:0:9","fe80::c30c:0:0:7","ICMPv6","76","RPL Control (Destination Advertisement Object)"
"1701","17.793538","fe80::c30c:0:0:3","fe80::c30c:0:0:b","ICMPv6","76","RPL Control (Destination Advertisement Object)"
"1702","17.794876","fe80::c30c:0:0:9","fe80::c30c:0:0:7","ICMPv6","76","RPL Control (Destination Advertisement Object)"
"1703","17.796865","fe80::c30c:0:0:3","fe80::c30c:0:0:b","ICMPv6","76","RPL Control (Destination Advertisement Object)"
"1704","17.798231","fe80::c30c:0:0:9","fe80::c30c:0:0:7","ICMPv6","76","RPL Control (Destination Advertisement Object)"
"1705","17.800192","fe80::c30c:0:0:3","fe80::c30c:0:0:b","ICMPv6","76","RPL Control (Destination Advertisement Object)"
"1706","17.801528","fe80::c30c:0:0:9","fe80::c30c:0:0:7","ICMPv6","76","RPL Control (Destination Advertisement Object)"
"1707","17.803517","fe80::c30c:0:0:3","fe80::c30c:0:0:b","ICMPv6","76","RPL Control (Destination Advertisement Object)"
"1708","17.804853","fe80::c30c:0:0:9","fe80::c30c:0:0:7","ICMPv6","76","RPL Control (Destination Advertisement Object)"
"1709","17.806845","fe80::c30c:0:0:3","fe80::c30c:0:0:b","ICMPv6","76","RPL Control (Destination Advertisement Object)"
"1710","17.808181","fe80::c30c:0:0:9","fe80::c30c:0:0:7","ICMPv6","76","RPL Control (Destination Advertisement Object)"
"1711","17.810171","fe80::c30c:0:0:3","fe80::c30c:0:0:b","ICMPv6","76","RPL Control (Destination Advertisement Object)"
"1712","17.811507","fe80::c30c:0:0:9","fe80::c30c:0:0:7","ICMPv6","76","RPL Control (Destination Advertisement Object)"
"1713","17.813496","fe80::c30c:0:0:3","fe80::c30c:0:0:b","ICMPv6","76","RPL Control (Destination Advertisement Object)"
"1714","17.814833","fe80::c30c:0:0:9","fe80::c30c:0:0:7","ICMPv6","76","RPL Control (Destination Advertisement Object)"
"1715","17.816831","fe80::c30c:0:0:3","fe80::c30c:0:0:b","ICMPv6","76","RPL Control (Destination Advertisement Object)"
"1716","17.818161","fe80::c30c:0:0:9","fe80::c30c:0:0:7","ICMPv6","76","RPL Control (Destination Advertisement Object)"
"1717","17.820151","fe80::c30c:0:0:3","fe80::c30c:0:0:b","ICMPv6","76","RPL Control (Destination Advertisement Object)"
"1718","17.821487","fe80::c30c:0:0:9","fe80::c30c:0:0:7","ICMPv6","76","RPL Control (Destination Advertisement Object)"
"1719","17.823477","fe80::c30c:0:0:3","fe80::c30c:0:0:b","ICMPv6","76","RPL Control (Destination Advertisement Object)"
"1720","17.824812","fe80::c30c:0:0:9","fe80::c30c:0:0:7","ICMPv6","76","RPL Control (Destination Advertisement Object)"
"1721","17.826802","fe80::c30c:0:0:3","fe80::c30c:0:0:b","ICMPv6","76","RPL Control (Destination Advertisement Object)"
"1722","17.828109","fe80::c30c:0:0:9","fe80::c30c:0:0:7","ICMPv6","76","RPL Control (Destination Advertisement Object)"
"1723","17.830129","fe80::c30c:0:0:3","fe80::c30c:0:0:b","ICMPv6","76","RPL Control (Destination Advertisement Object)"
"1724","17.831435","fe80::c30c:0:0:9","fe80::c30c:0:0:7","ICMPv6","76","RPL Control (Destination Advertisement Object)"
"1725","17.833455","fe80::c30c:0:0:3","fe80::c30c:0:0:b","ICMPv6","76","RPL Control (Destination Advertisement Object)"
"1726","17.834761","fe80::c30c:0:0:9","fe80::c30c:0:0:7","ICMPv6","76","RPL Control (Destination Advertisement Object)"
"1727","17.836783","fe80::c30c:0:0:3","fe80::c30c:0:0:b","ICMPv6","76","RPL Control (Destination Advertisement Object)"
"1728","17.838089","fe80::c30c:0:0:9","fe80::c30c:0:0:7","ICMPv6","76","RPL Control (Destination Advertisement Object)"
"1729","17.840107","fe80::c30c:0:0:3","fe80::c30c:0:0:b","ICMPv6","76","RPL Control (Destination Advertisement Object)"
"1730","17.841414","fe80::c30c:0:0:9","fe80::c30c:0:0:7","ICMPv6","76","RPL Control (Destination Advertisement Object)"
"1731","17.843404","fe80::c30c:0:0:3","fe80::c30c:0:0:b","ICMPv6","76","RPL Control (Destination Advertisement Object)"
"1732","17.844742","fe80::c30c:0:0:9","fe80::c30c:0:0:7","ICMPv6","76","RPL Control (Destination Advertisement Object)"
"1733","17.846730","fe80::c30c:0:0:3","fe80::c30c:0:0:b","ICMPv6","76","RPL Control (Destination Advertisement Object)"
"1734","17.848068","fe80::c30c:0:0:9","fe80::c30c:0:0:7","ICMPv6","76","RPL Control (Destination Advertisement Object)"
"1735","17.850057","fe80::c30c:0:0:3","fe80::c30c:0:0:b","ICMPv6","76","RPL Control (Destination Advertisement Object)"
"1736","17.851394","fe80::c30c:0:0:9","fe80::c30c:0:0:7","ICMPv6","76","RPL Control (Destination Advertisement Object)"
"1737","17.853384","fe80::c30c:0:0:3","fe80::c30c:0:0:b","ICMPv6","76","RPL Control (Destination Advertisement Object)"
"1738","17.854721","fe80::c30c:0:0:9","fe80::c30c:0:0:7","ICMPv6","76","RPL Control (Destination Advertisement Object)"
"1739","17.856710","fe80::c30c:0:0:3","fe80::c30c:0:0:b","ICMPv6","76","RPL Control (Destination Advertisement Object)"
"1740","17.858045","fe80::c30c:0:0:9","fe80::c30c:0:0:7","ICMPv6","76","RPL Control (Destination Advertisement Object)"
"1741","17.861373","fe80::c30c:0:0:9","fe80::c30c:0:0:7","ICMPv6","76","RPL Control (Destination Advertisement Object)"
"1742","17.864700","fe80::c30c:0:0:9","fe80::c30c:0:0:7","ICMPv6","76","RPL Control (Destination Advertisement Object)"
"1743","17.867648","fe80::c30c:0:0:3","fe80::c30c:0:0:b","ICMPv6","76","RPL Control (Destination Advertisement Object)"
"1744","17.868025","fe80::c30c:0:0:9","fe80::c30c:0:0:7","ICMPv6","76","RPL Control (Destination Advertisement Object)"
"1745","17.870961","fe80::c30c:0:0:3","fe80::c30c:0:0:b","ICMPv6","76","RPL Control (Destination Advertisement Object)"
"1746","17.871351","fe80::c30c:0:0:9","fe80::c30c:0:0:7","ICMPv6","76","RPL Control (Destination Advertisement Object)"
"1747","17.874289","fe80::c30c:0:0:3","fe80::c30c:0:0:b","ICMPv6","76","RPL Control (Destination Advertisement Object)"
"1748","17.874647","fe80::c30c:0:0:9","fe80::c30c:0:0:7","ICMPv6","76","RPL Control (Destination Advertisement Object)"
"1749","17.877615","fe80::c30c:0:0:3","fe80::c30c:0:0:b","ICMPv6","76","RPL Control (Destination Advertisement Object)"
"1750","17.877975","fe80::c30c:0:0:9","fe80::c30c:0:0:7","ICMPv6","76","RPL Control (Destination Advertisement Object)"
"1751","17.880941","fe80::c30c:0:0:3","fe80::c30c:0:0:b","ICMPv6","76","RPL Control (Destination Advertisement Object)"
"1752","17.881302","fe80::c30c:0:0:9","fe80::c30c:0:0:7","ICMPv6","76","RPL Control (Destination Advertisement Object)"
"1753","17.884266","fe80::c30c:0:0:3","fe80::c30c:0:0:b","ICMPv6","76","RPL Control (Destination Advertisement Object)"
"1754","17.884628","fe80::c30c:0:0:9","fe80::c30c:0:0:7","ICMPv6","76","RPL Control (Destination Advertisement Object)"
"1755","17.887593","fe80::c30c:0:0:3","fe80::c30c:0:0:b","ICMPv6","76","RPL Control (Destination Advertisement Object)"
"1756","17.887954","fe80::c30c:0:0:9","fe80::c30c:0:0:7","ICMPv6","76","RPL Control (Destination Advertisement Object)"
"1757","17.890889","fe80::c30c:0:0:3","fe80::c30c:0:0:b","ICMPv6","76","RPL Control (Destination Advertisement Object)"
"1758","17.891280","fe80::c30c:0:0:9","fe80::c30c:0:0:7","ICMPv6","76","RPL Control (Destination Advertisement Object)"
"1759","17.894217","fe80::c30c:0:0:3","fe80::c30c:0:0:b","ICMPv6","76","RPL Control (Destination Advertisement Object)"
"1760","17.894606","fe80::c30c:0:0:9","fe80::c30c:0:0:7","ICMPv6","76","RPL Control (Destination Advertisement Object)"
"1761","17.897542","fe80::c30c:0:0:3","fe80::c30c:0:0:b","ICMPv6","76","RPL Control (Destination Advertisement Object)"
"1762","17.897933","fe80::c30c:0:0:9","fe80::c30c:0:0:7","ICMPv6","76","RPL Control (Destination Advertisement Object)"
"1763","17.900870","fe80::c30c:0:0:3","fe80::c30c:0:0:b","ICMPv6","76","RPL Control (Destination Advertisement Object)"
"1764","17.901258","fe80::c30c:0:0:9","fe80::c30c:0:0:7","ICMPv6","76","RPL Control (Destination Advertisement Object)"
"1765","17.904196","fe80::c30c:0:0:3","fe80::c30c:0:0:b","ICMPv6","76","RPL Control (Destination Advertisement Object)"
"1766","17.904556","fe80::c30c:0:0:9","fe80::c30c:0:0:7","ICMPv6","76","RPL Control (Destination Advertisement Object)"
"1767","17.907520","fe80::c30c:0:0:3","fe80::c30c:0:0:b","ICMPv6","76","RPL Control (Destination Advertisement Object)"
"1768","17.907881","fe80::c30c:0:0:9","fe80::c30c:0:0:7","ICMPv6","76","RPL Control (Destination Advertisement Object)"
"1769","17.910817","fe80::c30c:0:0:3","fe80::c30c:0:0:b","ICMPv6","76","RPL Control (Destination Advertisement Object)"
"1770","17.914143","fe80::c30c:0:0:3","fe80::c30c:0:0:b","ICMPv6","76","RPL Control (Destination Advertisement Object)"
"1771","17.917471","fe80::c30c:0:0:3","fe80::c30c:0:0:b","ICMPv6","76","RPL Control (Destination Advertisement Object)"
"1772","17.918181","fe80::c30c:0:0:9","fe80::c30c:0:0:7","ICMPv6","76","RPL Control (Destination Advertisement Object)"
"1773","17.920796","fe80::c30c:0:0:3","fe80::c30c:0:0:b","ICMPv6","76","RPL Control (Destination Advertisement Object)"
"1774","17.921493","fe80::c30c:0:0:9","fe80::c30c:0:0:7","ICMPv6","76","RPL Control (Destination Advertisement Object)"
"1775","17.924124","fe80::c30c:0:0:3","fe80::c30c:0:0:b","ICMPv6","76","RPL Control (Destination Advertisement Object)"
"1776","17.924819","fe80::c30c:0:0:9","fe80::c30c:0:0:7","ICMPv6","76","RPL Control (Destination Advertisement Object)"
"1777","17.927450","fe80::c30c:0:0:3","fe80::c30c:0:0:b","ICMPv6","76","RPL Control (Destination Advertisement Object)"
"1778","17.928114","fe80::c30c:0:0:9","fe80::c30c:0:0:7","ICMPv6","76","RPL Control (Destination Advertisement Object)"
"1779","17.930776","fe80::c30c:0:0:3","fe80::c30c:0:0:b","ICMPv6","76","RPL Control (Destination Advertisement Object)"
"1780","17.931442","fe80::c30c:0:0:9","fe80::c30c:0:0:7","ICMPv6","76","RPL Control (Destination Advertisement Object)"
"1781","17.934103","fe80::c30c:0:0:3","fe80::c30c:0:0:b","ICMPv6","76","RPL Control (Destination Advertisement Object)"
"1782","17.934768","fe80::c30c:0:0:9","fe80::c30c:0:0:7","ICMPv6","76","RPL Control (Destination Advertisement Object)"
"1783","17.937429","fe80::c30c:0:0:3","fe80::c30c:0:0:b","ICMPv6","76","RPL Control (Destination Advertisement Object)"
"1784","17.938093","fe80::c30c:0:0:9","fe80::c30c:0:0:7","ICMPv6","76","RPL Control (Destination Advertisement Object)"
"1785","17.940756","fe80::c30c:0:0:3","fe80::c30c:0:0:b","ICMPv6","76","RPL Control (Destination Advertisement Object)"
"1786","17.941420","fe80::c30c:0:0:9","fe80::c30c:0:0:7","ICMPv6","76","RPL Control (Destination Advertisement Object)"
"1787","17.944081","fe80::c30c:0:0:3","fe80::c30c:0:0:b","ICMPv6","76","RPL Control (Destination Advertisement Object)"
"1788","17.944748","fe80::c30c:0:0:9","fe80::c30c:0:0:7","ICMPv6","76","RPL Control (Destination Advertisement Object)"
"1789","17.947408","fe80::c30c:0:0:3","fe80::c30c:0:0:b","ICMPv6","76","RPL Control (Destination Advertisement Object)"
"1790","17.948073","fe80::c30c:0:0:9","fe80::c30c:0:0:7","ICMPv6","76","RPL Control (Destination Advertisement Object)"
"1791","17.950733","fe80::c30c:0:0:3","fe80::c30c:0:0:b","ICMPv6","76","RPL Control (Destination Advertisement Object)"
"1792","17.951369","fe80::c30c:0:0:9","fe80::c30c:0:0:7","ICMPv6","76","RPL Control (Destination Advertisement Object)"
"1793","17.954031","fe80::c30c:0:0:3","fe80::c30c:0:0:b","ICMPv6","76","RPL Control (Destination Advertisement Object)"
"1794","17.954696","fe80::c30c:0:0:9","fe80::c30c:0:0:7","ICMPv6","76","RPL Control (Destination Advertisement Object)"
"1795","17.957394","fe80::c30c:0:0:3","fe80::c30c:0:0:b","ICMPv6","76","RPL Control (Destination Advertisement Object)"
"1796","17.958023","fe80::c30c:0:0:9","fe80::c30c:0:0:7","ICMPv6","76","RPL Control (Destination Advertisement Object)"
"1797","17.960713","fe80::c30c:0:0:3","fe80::c30c:0:0:b","ICMPv6","76","RPL Control (Destination Advertisement Object)"
"1798","17.961349","fe80::c30c:0:0:9","fe80::c30c:0:0:7","ICMPv6","76","RPL Control (Destination Advertisement Object)"
"1799","17.964009","fe80::c30c:0:0:3","fe80::c30c:0:0:b","ICMPv6","76","RPL Control (Destination Advertisement Object)"
"1800","17.964674","fe80::c30c:0:0:9","fe80::c30c:0:0:7","ICMPv6","76","RPL Control (Destination Advertisement Object)"
"1801","17.967335","fe80::c30c:0:0:3","fe80::c30c:0:0:b","ICMPv6","76","RPL Control (Destination Advertisement Object)"
"1802","17.968002","fe80::c30c:0:0:9","fe80::c30c:0:0:7","ICMPv6","76","RPL Control (Destination Advertisement Object)"
"1803","17.970663","fe80::c30c:0:0:3","fe80::c30c:0:0:b","ICMPv6","76","RPL Control (Destination Advertisement Object)"
"1804","17.971328","fe80::c30c:0:0:9","fe80::c30c:0:0:7","ICMPv6","76","RPL Control (Destination Advertisement Object)"
"1805","17.973988","fe80::c30c:0:0:3","fe80::c30c:0:0:b","ICMPv6","76","RPL Control (Destination Advertisement Object)"
"1806","17.974653","fe80::c30c:0:0:9","fe80::c30c:0:0:7","ICMPv6","76","RPL Control (Destination Advertisement Object)"
"1807","17.977316","fe80::c30c:0:0:3","fe80::c30c:0:0:b","ICMPv6","76","RPL Control (Destination Advertisement Object)"
"1808","17.977980","fe80::c30c:0:0:9","fe80::c30c:0:0:7","ICMPv6","76","RPL Control (Destination Advertisement Object)"
"1809","17.980642","fe80::c30c:0:0:3","fe80::c30c:0:0:b","ICMPv6","76","RPL Control (Destination Advertisement Object)"
"1810","17.981276","fe80::c30c:0:0:9","fe80::c30c:0:0:7","ICMPv6","76","RPL Control (Destination Advertisement Object)"
"1811","17.983968","fe80::c30c:0:0:3","fe80::c30c:0:0:b","ICMPv6","76","RPL Control (Destination Advertisement Object)"
"1812","17.984604","fe80::c30c:0:0:9","fe80::c30c:0:0:7","ICMPv6","76","RPL Control (Destination Advertisement Object)"
"1813","17.987294","fe80::c30c:0:0:3","fe80::c30c:0:0:b","ICMPv6","76","RPL Control (Destination Advertisement Object)"
"1814","17.987929","fe80::c30c:0:0:9","fe80::c30c:0:0:7","ICMPv6","76","RPL Control (Destination Advertisement Object)"
"1815","17.990622","fe80::c30c:0:0:3","fe80::c30c:0:0:b","ICMPv6","76","RPL Control (Destination Advertisement Object)"
"1816","17.991256","fe80::c30c:0:0:9","fe80::c30c:0:0:7","ICMPv6","76","RPL Control (Destination Advertisement Object)"
"1817","17.993948","fe80::c30c:0:0:3","fe80::c30c:0:0:b","ICMPv6","76","RPL Control (Destination Advertisement Object)"
"1818","17.994583","fe80::c30c:0:0:9","fe80::c30c:0:0:7","ICMPv6","76","RPL Control (Destination Advertisement Object)"
"1819","17.997907","fe80::c30c:0:0:9","fe80::c30c:0:0:7","ICMPv6","76","RPL Control (Destination Advertisement Object)"
"1820","18.001204","fe80::c30c:0:0:9","fe80::c30c:0:0:7","ICMPv6","76","RPL Control (Destination Advertisement Object)"
"1821","18.004283","fe80::c30c:0:0:3","fe80::c30c:0:0:b","ICMPv6","76","RPL Control (Destination Advertisement Object)"
"1822","18.004530","fe80::c30c:0:0:9","fe80::c30c:0:0:7","ICMPv6","76","RPL Control (Destination Advertisement Object)"
"1823","18.007589","fe80::c30c:0:0:3","fe80::c30c:0:0:b","ICMPv6","76","RPL Control (Destination Advertisement Object)"
"1824","18.007858","fe80::c30c:0:0:9","fe80::c30c:0:0:7","ICMPv6","76","RPL Control (Destination Advertisement Object)"
"1825","18.010915","fe80::c30c:0:0:3","fe80::c30c:0:0:b","ICMPv6","76","RPL Control (Destination Advertisement Object)"
"1826","18.011183","fe80::c30c:0:0:9","fe80::c30c:0:0:7","ICMPv6","76","RPL Control (Destination Advertisement Object)"
"1827","18.014241","fe80::c30c:0:0:3","fe80::c30c:0:0:b","ICMPv6","76","RPL Control (Destination Advertisement Object)"
"1828","18.014511","fe80::c30c:0:0:9","fe80::c30c:0:0:7","ICMPv6","76","RPL Control (Destination Advertisement Object)"
"1829","18.017569","fe80::c30c:0:0:3","fe80::c30c:0:0:b","ICMPv6","76","RPL Control (Destination Advertisement Object)"
"1830","18.017837","fe80::c30c:0:0:9","fe80::c30c:0:0:7","ICMPv6","76","RPL Control (Destination Advertisement Object)"
"1831","18.020894","fe80::c30c:0:0:3","fe80::c30c:0:0:b","ICMPv6","76","RPL Control (Destination Advertisement Object)"
"1832","18.021163","fe80::c30c:0:0:9","fe80::c30c:0:0:7","ICMPv6","76","RPL Control (Destination Advertisement Object)"
"1833","18.024271","fe80::c30c:0:0:3","fe80::c30c:0:0:b","ICMPv6","76","RPL Control (Destination Advertisement Object)"
"1834","18.024490","fe80::c30c:0:0:9","fe80::c30c:0:0:7","ICMPv6","76","RPL Control (Destination Advertisement Object)"
"1835","18.027577","fe80::c30c:0:0:3","fe80::c30c:0:0:b","ICMPv6","76","RPL Control (Destination Advertisement Object)"
"1836","18.027816","fe80::c30c:0:0:9","fe80::c30c:0:0:7","ICMPv6","76","RPL Control (Destination Advertisement Object)"
"1837","18.030905","fe80::c30c:0:0:3","fe80::c30c:0:0:b","ICMPv6","76","RPL Control (Destination Advertisement Object)"
"1838","18.031143","fe80::c30c:0:0:9","fe80::c30c:0:0:7","ICMPv6","76","RPL Control (Destination Advertisement Object)"
"1839","18.034231","fe80::c30c:0:0:3","fe80::c30c:0:0:b","ICMPv6","76","RPL Control (Destination Advertisement Object)"
"1840","18.034468","fe80::c30c:0:0:9","fe80::c30c:0:0:7","ICMPv6","76","RPL Control (Destination Advertisement Object)"
"1841","18.037556","fe80::c30c:0:0:3","fe80::c30c:0:0:b","ICMPv6","76","RPL Control (Destination Advertisement Object)"
"1842","18.037795","fe80::c30c:0:0:9","fe80::c30c:0:0:7","ICMPv6","76","RPL Control (Destination Advertisement Object)"
"1843","18.040884","fe80::c30c:0:0:3","fe80::c30c:0:0:b","ICMPv6","76","RPL Control (Destination Advertisement Object)"
"1844","18.041120","fe80::c30c:0:0:9","fe80::c30c:0:0:7","ICMPv6","76","RPL Control (Destination Advertisement Object)"
"1845","18.044211","fe80::c30c:0:0:3","fe80::c30c:0:0:b","ICMPv6","76","RPL Control (Destination Advertisement Object)"
"1846","18.044418","fe80::c30c:0:0:9","fe80::c30c:0:0:7","ICMPv6","76","RPL Control (Destination Advertisement Object)"
"1847","18.047535","fe80::c30c:0:0:3","fe80::c30c:0:0:b","ICMPv6","76","RPL Control (Destination Advertisement Object)"
"1848","18.050831","fe80::c30c:0:0:3","fe80::c30c:0:0:b","ICMPv6","76","RPL Control (Destination Advertisement Object)"
"1849","18.054158","fe80::c30c:0:0:3","fe80::c30c:0:0:b","ICMPv6","76","RPL Control (Destination Advertisement Object)"
"1850","18.054768","fe80::c30c:0:0:9","fe80::c30c:0:0:7","ICMPv6","76","RPL Control (Destination Advertisement Object)"
"1851","18.057486","fe80::c30c:0:0:3","fe80::c30c:0:0:b","ICMPv6","76","RPL Control (Destination Advertisement Object)"
"1852","18.058089","fe80::c30c:0:0:9","fe80::c30c:0:0:7","ICMPv6","76","RPL Control (Destination Advertisement Object)"
"1853","18.060811","fe80::c30c:0:0:3","fe80::c30c:0:0:b","ICMPv6","76","RPL Control (Destination Advertisement Object)"
"1854","18.061416","fe80::c30c:0:0:9","fe80::c30c:0:0:7","ICMPv6","76","RPL Control (Destination Advertisement Object)"
"1855","18.064107","fe80::c30c:0:0:3","fe80::c30c:0:0:b","ICMPv6","76","RPL Control (Destination Advertisement Object)"
"1856","18.064742","fe80::c30c:0:0:9","fe80::c30c:0:0:7","ICMPv6","76","RPL Control (Destination Advertisement Object)"
"1857","18.067434","fe80::c30c:0:0:3","fe80::c30c:0:0:b","ICMPv6","76","RPL Control (Destination Advertisement Object)"
"1858","18.068068","fe80::c30c:0:0:9","fe80::c30c:0:0:7","ICMPv6","76","RPL Control (Destination Advertisement Object)"
"1859","18.070761","fe80::c30c:0:0:3","fe80::c30c:0:0:b","ICMPv6","76","RPL Control (Destination Advertisement Object)"
"1860","18.071395","fe80::c30c:0:0:9","fe80::c30c:0:0:7","ICMPv6","76","RPL Control (Destination Advertisement Object)"
"1861","18.074087","fe80::c30c:0:0:3","fe80::c30c:0:0:b","ICMPv6","76","RPL Control (Destination Advertisement Object)"
"1862","18.074690","fe80::c30c:0:0:9","fe80::c30c:0:0:7","ICMPv6","76","RPL Control (Destination Advertisement Object)"
"1863","18.077414","fe80::c30c:0:0:3","fe80::c30c:0:0:b","ICMPv6","76","RPL Control (Destination Advertisement Object)"
"1864","18.077988","fe80::c30c:0:0:9","fe80::c30c:0:0:7","ICMPv6","76","RPL Control (Destination Advertisement Object)"
"1865","18.080740","fe80::c30c:0:0:3","fe80::c30c:0:0:b","ICMPv6","76","RPL Control (Destination Advertisement Object)"
"1866","18.081313","fe80::c30c:0:0:9","fe80::c30c:0:0:7","ICMPv6","76","RPL Control (Destination Advertisement Object)"
"1867","18.084066","fe80::c30c:0:0:3","fe80::c30c:0:0:b","ICMPv6","76","RPL Control (Destination Advertisement Object)"
"1868","18.084639","fe80::c30c:0:0:9","fe80::c30c:0:0:7","ICMPv6","76","RPL Control (Destination Advertisement Object)"
"1869","18.087391","fe80::c30c:0:0:3","fe80::c30c:0:0:b","ICMPv6","76","RPL Control (Destination Advertisement Object)"
"1870","18.087966","fe80::c30c:0:0:9","fe80::c30c:0:0:7","ICMPv6","76","RPL Control (Destination Advertisement Object)"
"1871","18.090718","fe80::c30c:0:0:3","fe80::c30c:0:0:b","ICMPv6","76","RPL Control (Destination Advertisement Object)"
"1872","18.091291","fe80::c30c:0:0:9","fe80::c30c:0:0:7","ICMPv6","76","RPL Control (Destination Advertisement Object)"
"1873","18.094014","fe80::c30c:0:0:3","fe80::c30c:0:0:b","ICMPv6","76","RPL Control (Destination Advertisement Object)"
"1874","18.094589","fe80::c30c:0:0:9","fe80::c30c:0:0:7","ICMPv6","76","RPL Control (Destination Advertisement Object)"
"1875","18.097342","fe80::c30c:0:0:3","fe80::c30c:0:0:b","ICMPv6","76","RPL Control (Destination Advertisement Object)"
"1876","18.097914","fe80::c30c:0:0:9","fe80::c30c:0:0:7","ICMPv6","76","RPL Control (Destination Advertisement Object)"
"1877","18.100667","fe80::c30c:0:0:3","fe80::c30c:0:0:b","ICMPv6","76","RPL Control (Destination Advertisement Object)"
"1878","18.101211","fe80::c30c:0:0:9","fe80::c30c:0:0:7","ICMPv6","76","RPL Control (Destination Advertisement Object)"
"1879","18.103994","fe80::c30c:0:0:3","fe80::c30c:0:0:b","ICMPv6","76","RPL Control (Destination Advertisement Object)"
"1880","18.104536","fe80::c30c:0:0:9","fe80::c30c:0:0:7","ICMPv6","76","RPL Control (Destination Advertisement Object)"
"1881","18.107321","fe80::c30c:0:0:3","fe80::c30c:0:0:b","ICMPv6","76","RPL Control (Destination Advertisement Object)"
"1882","18.107864","fe80::c30c:0:0:9","fe80::c30c:0:0:7","ICMPv6","76","RPL Control (Destination Advertisement Object)"
"1883","18.110645","fe80::c30c:0:0:3","fe80::c30c:0:0:b","ICMPv6","76","RPL Control (Destination Advertisement Object)"
"1884","18.111191","fe80::c30c:0:0:9","fe80::c30c:0:0:7","ICMPv6","76","RPL Control (Destination Advertisement Object)"
"1885","18.113942","fe80::c30c:0:0:3","fe80::c30c:0:0:b","ICMPv6","76","RPL Control (Destination Advertisement Object)"
"1886","18.114515","fe80::c30c:0:0:9","fe80::c30c:0:0:7","ICMPv6","76","RPL Control (Destination Advertisement Object)"
"1887","18.117268","fe80::c30c:0:0:3","fe80::c30c:0:0:b","ICMPv6","76","RPL Control (Destination Advertisement Object)"
"1888","18.117813","fe80::c30c:0:0:9","fe80::c30c:0:0:7","ICMPv6","76","RPL Control (Destination Advertisement Object)"
"1889","18.120596","fe80::c30c:0:0:3","fe80::c30c:0:0:b","ICMPv6","76","RPL Control (Destination Advertisement Object)"
"1890","18.121138","fe80::c30c:0:0:9","fe80::c30c:0:0:7","ICMPv6","76","RPL Control (Destination Advertisement Object)"
"1891","18.123921","fe80::c30c:0:0:3","fe80::c30c:0:0:b","ICMPv6","76","RPL Control (Destination Advertisement Object)"
"1892","18.124465","fe80::c30c:0:0:9","fe80::c30c:0:0:7","ICMPv6","76","RPL Control (Destination Advertisement Object)"
"1893","18.127249","fe80::c30c:0:0:3","fe80::c30c:0:0:b","ICMPv6","76","RPL Control (Destination Advertisement Object)"
"1894","18.127790","fe80::c30c:0:0:9","fe80::c30c:0:0:7","ICMPv6","76","RPL Control (Destination Advertisement Object)"
"1895","18.130575","fe80::c30c:0:0:3","fe80::c30c:0:0:b","ICMPv6","76","RPL Control (Destination Advertisement Object)"
"1896","18.131088","fe80::c30c:0:0:9","fe80::c30c:0:0:7","ICMPv6","76","RPL Control (Destination Advertisement Object)"
"1897","18.134413","fe80::c30c:0:0:9","fe80::c30c:0:0:7","ICMPv6","76","RPL Control (Destination Advertisement Object)"
"1898","18.137741","fe80::c30c:0:0:9","fe80::c30c:0:0:7","ICMPv6","76","RPL Control (Destination Advertisement Object)"
"1899","18.140902","fe80::c30c:0:0:3","fe80::c30c:0:0:b","ICMPv6","76","RPL Control (Destination Advertisement Object)"
"1900","18.141067","fe80::c30c:0:0:9","fe80::c30c:0:0:7","ICMPv6","76","RPL Control (Destination Advertisement Object)"
"1901","18.144216","fe80::c30c:0:0:3","fe80::c30c:0:0:b","ICMPv6","76","RPL Control (Destination Advertisement Object)"
"1902","18.144392","fe80::c30c:0:0:9","fe80::c30c:0:0:7","ICMPv6","76","RPL Control (Destination Advertisement Object)"
"1903","18.147543","fe80::c30c:0:0:3","fe80::c30c:0:0:b","ICMPv6","76","RPL Control (Destination Advertisement Object)"
"1904","18.147720","fe80::c30c:0:0:9","fe80::c30c:0:0:7","ICMPv6","76","RPL Control (Destination Advertisement Object)"
"1905","18.150868","fe80::c30c:0:0:3","fe80::c30c:0:0:b","ICMPv6","76","RPL Control (Destination Advertisement Object)"
"1906","18.151046","fe80::c30c:0:0:9","fe80::c30c:0:0:7","ICMPv6","76","RPL Control (Destination Advertisement Object)"
"1907","18.154196","fe80::c30c:0:0:3","fe80::c30c:0:0:b","ICMPv6","76","RPL Control (Destination Advertisement Object)"
"1908","18.154371","fe80::c30c:0:0:9","fe80::c30c:0:0:7","ICMPv6","76","RPL Control (Destination Advertisement Object)"
"1909","18.157522","fe80::c30c:0:0:3","fe80::c30c:0:0:b","ICMPv6","76","RPL Control (Destination Advertisement Object)"
"1910","18.157698","fe80::c30c:0:0:9","fe80::c30c:0:0:7","ICMPv6","76","RPL Control (Destination Advertisement Object)"
"1911","18.160847","fe80::c30c:0:0:3","fe80::c30c:0:0:b","ICMPv6","76","RPL Control (Destination Advertisement Object)"
"1912","18.160994","fe80::c30c:0:0:9","fe80::c30c:0:0:7","ICMPv6","76","RPL Control (Destination Advertisement Object)"
"1913","18.164174","fe80::c30c:0:0:3","fe80::c30c:0:0:b","ICMPv6","76","RPL Control (Destination Advertisement Object)"
"1914","18.164322","fe80::c30c:0:0:9","fe80::c30c:0:0:7","ICMPv6","76","RPL Control (Destination Advertisement Object)"
"1915","18.167501","fe80::c30c:0:0:3","fe80::c30c:0:0:b","ICMPv6","76","RPL Control (Destination Advertisement Object)"
"1916","18.167648","fe80::c30c:0:0:9","fe80::c30c:0:0:7","ICMPv6","76","RPL Control (Destination Advertisement Object)"
"1917","18.170826","fe80::c30c:0:0:3","fe80::c30c:0:0:b","ICMPv6","76","RPL Control (Destination Advertisement Object)"
"1918","18.170974","fe80::c30c:0:0:9","fe80::c30c:0:0:7","ICMPv6","76","RPL Control (Destination Advertisement Object)"
"1919","18.174153","fe80::c30c:0:0:3","fe80::c30c:0:0:b","ICMPv6","76","RPL Control (Destination Advertisement Object)"
"1920","18.174301","fe80::c30c:0:0:9","fe80::c30c:0:0:7","ICMPv6","76","RPL Control (Destination Advertisement Object)"
"1921","18.177481","fe80::c30c:0:0:3","fe80::c30c:0:0:b","ICMPv6","76","RPL Control (Destination Advertisement Object)"
"1922","18.177625","fe80::c30c:0:0:9","fe80::c30c:0:0:7","ICMPv6","76","RPL Control (Destination Advertisement Object)"
"1923","18.180807","fe80::c30c:0:0:3","fe80::c30c:0:0:b","ICMPv6","76","RPL Control (Destination Advertisement Object)"
"1924","18.180922","fe80::c30c:0:0:9","fe80::c30c:0:0:7","ICMPv6","76","RPL Control (Destination Advertisement Object)"
"1925","18.184132","fe80::c30c:0:0:3","fe80::c30c:0:0:b","ICMPv6","76","RPL Control (Destination Advertisement Object)"
"1926","18.187460","fe80::c30c:0:0:3","fe80::c30c:0:0:b","ICMPv6","76","RPL Control (Destination Advertisement Object)"
"1927","18.190786","fe80::c30c:0:0:3","fe80::c30c:0:0:b","ICMPv6","76","RPL Control (Destination Advertisement Object)"
"1928","18.191243","fe80::c30c:0:0:9","fe80::c30c:0:0:7","ICMPv6","76","RPL Control (Destination Advertisement Object)"
"1929","18.194111","fe80::c30c:0:0:3","fe80::c30c:0:0:b","ICMPv6","76","RPL Control (Destination Advertisement Object)"
"1930","18.194565","fe80::c30c:0:0:9","fe80::c30c:0:0:7","ICMPv6","76","RPL Control (Destination Advertisement Object)"
"1931","18.197407","fe80::c30c:0:0:3","fe80::c30c:0:0:b","ICMPv6","76","RPL Control (Destination Advertisement Object)"
"1932","18.197891","fe80::c30c:0:0:9","fe80::c30c:0:0:7","ICMPv6","76","RPL Control (Destination Advertisement Object)"
"1933","18.200735","fe80::c30c:0:0:3","fe80::c30c:0:0:b","ICMPv6","76","RPL Control (Destination Advertisement Object)"
"1934","18.201217","fe80::c30c:0:0:9","fe80::c30c:0:0:7","ICMPv6","76","RPL Control (Destination Advertisement Object)"
"1935","18.204062","fe80::c30c:0:0:3","fe80::c30c:0:0:b","ICMPv6","76","RPL Control (Destination Advertisement Object)"
"1936","18.204542","fe80::c30c:0:0:9","fe80::c30c:0:0:7","ICMPv6","76","RPL Control (Destination Advertisement Object)"
"1937","18.207424","fe80::c30c:0:0:3","fe80::c30c:0:0:b","ICMPv6","76","RPL Control (Destination Advertisement Object)"
"1938","18.207920","fe80::c30c:0:0:9","fe80::c30c:0:0:7","ICMPv6","76","RPL Control (Destination Advertisement Object)"
"1939","18.210744","fe80::c30c:0:0:3","fe80::c30c:0:0:b","ICMPv6","76","RPL Control (Destination Advertisement Object)"
"1940","18.211226","fe80::c30c:0:0:9","fe80::c30c:0:0:7","ICMPv6","76","RPL Control (Destination Advertisement Object)"
"1941","18.214040","fe80::c30c:0:0:3","fe80::c30c:0:0:b","ICMPv6","76","RPL Control (Destination Advertisement Object)"
"1942","18.214553","fe80::c30c:0:0:9","fe80::c30c:0:0:7","ICMPv6","76","RPL Control (Destination Advertisement Object)"
"1943","18.217367","fe80::c30c:0:0:3","fe80::c30c:0:0:b","ICMPv6","76","RPL Control (Destination Advertisement Object)"
"1944","18.217878","fe80::c30c:0:0:9","fe80::c30c:0:0:7","ICMPv6","76","RPL Control (Destination Advertisement Object)"
"1945","18.220693","fe80::c30c:0:0:3","fe80::c30c:0:0:b","ICMPv6","76","RPL Control (Destination Advertisement Object)"
"1946","18.221206","fe80::c30c:0:0:9","fe80::c30c:0:0:7","ICMPv6","76","RPL Control (Destination Advertisement Object)"
"1947","18.224019","fe80::c30c:0:0:3","fe80::c30c:0:0:b","ICMPv6","76","RPL Control (Destination Advertisement Object)"
"1948","18.224532","fe80::c30c:0:0:9","fe80::c30c:0:0:7","ICMPv6","76","RPL Control (Destination Advertisement Object)"
"1949","18.227347","fe80::c30c:0:0:3","fe80::c30c:0:0:b","ICMPv6","76","RPL Control (Destination Advertisement Object)"
"1950","18.227858","fe80::c30c:0:0:9","fe80::c30c:0:0:7","ICMPv6","76","RPL Control (Destination Advertisement Object)"
"1951","18.230673","fe80::c30c:0:0:3","fe80::c30c:0:0:b","ICMPv6","76","RPL Control (Destination Advertisement Object)"
"1952","18.231154","fe80::c30c:0:0:9","fe80::c30c:0:0:7","ICMPv6","76","RPL Control (Destination Advertisement Object)"
"1953","18.233999","fe80::c30c:0:0:3","fe80::c30c:0:0:b","ICMPv6","76","RPL Control (Destination Advertisement Object)"
"1954","18.234482","fe80::c30c:0:0:9","fe80::c30c:0:0:7","ICMPv6","76","RPL Control (Destination Advertisement Object)"
"1955","18.237324","fe80::c30c:0:0:3","fe80::c30c:0:0:b","ICMPv6","76","RPL Control (Destination Advertisement Object)"
"1956","18.237808","fe80::c30c:0:0:9","fe80::c30c:0:0:7","ICMPv6","76","RPL Control (Destination Advertisement Object)"
"1957","18.240652","fe80::c30c:0:0:3","fe80::c30c:0:0:b","ICMPv6","76","RPL Control (Destination Advertisement Object)"
"1958","18.241134","fe80::c30c:0:0:9","fe80::c30c:0:0:7","ICMPv6","76","RPL Control (Destination Advertisement Object)"
"1959","18.243978","fe80::c30c:0:0:3","fe80::c30c:0:0:b","ICMPv6","76","RPL Control (Destination Advertisement Object)"
"1960","18.244459","fe80::c30c:0:0:9","fe80::c30c:0:0:7","ICMPv6","76","RPL Control (Destination Advertisement Object)"
"1961","18.247304","fe80::c30c:0:0:3","fe80::c30c:0:0:b","ICMPv6","76","RPL Control (Destination Advertisement Object)"
"1962","18.247787","fe80::c30c:0:0:9","fe80::c30c:0:0:7","ICMPv6","76","RPL Control (Destination Advertisement Object)"
"1963","18.250631","fe80::c30c:0:0:3","fe80::c30c:0:0:b","ICMPv6","76","RPL Control (Destination Advertisement Object)"
"1964","18.251112","fe80::c30c:0:0:9","fe80::c30c:0:0:7","ICMPv6","76","RPL Control (Destination Advertisement Object)"
"1965","18.253956","fe80::c30c:0:0:3","fe80::c30c:0:0:b","ICMPv6","76","RPL Control (Destination Advertisement Object)"
"1966","18.254439","fe80::c30c:0:0:9","fe80::c30c:0:0:7","ICMPv6","76","RPL Control (Destination Advertisement Object)"
"1967","18.257283","fe80::c30c:0:0:3","fe80::c30c:0:0:b","ICMPv6","76","RPL Control (Destination Advertisement Object)"
"1968","18.257766","fe80::c30c:0:0:9","fe80::c30c:0:0:7","ICMPv6","76","RPL Control (Destination Advertisement Object)"
"1969","18.260611","fe80::c30c:0:0:3","fe80::c30c:0:0:b","ICMPv6","76","RPL Control (Destination Advertisement Object)"
"1970","18.261093","fe80::c30c:0:0:9","fe80::c30c:0:0:7","ICMPv6","76","RPL Control (Destination Advertisement Object)"
"1971","18.263936","fe80::c30c:0:0:3","fe80::c30c:0:0:b","ICMPv6","76","RPL Control (Destination Advertisement Object)"
"1972","18.264418","fe80::c30c:0:0:9","fe80::c30c:0:0:7","ICMPv6","76","RPL Control (Destination Advertisement Object)"
"1973","18.267232","fe80::c30c:0:0:3","fe80::c30c:0:0:b","ICMPv6","76","RPL Control (Destination Advertisement Object)"
"1974","18.267745","fe80::c30c:0:0:9","fe80::c30c:0:0:7","ICMPv6","76","RPL Control (Destination Advertisement Object)"
"1975","18.271072","fe80::c30c:0:0:9","fe80::c30c:0:0:7","ICMPv6","76","RPL Control (Destination Advertisement Object)"
"1976","18.274405","fe80::c30c:0:0:9","fe80::c30c:0:0:7","ICMPv6","76","RPL Control (Destination Advertisement Object)"
"1977","18.277563","fe80::c30c:0:0:3","fe80::c30c:0:0:b","ICMPv6","76","RPL Control (Destination Advertisement Object)"
"1978","18.277725","fe80::c30c:0:0:9","fe80::c30c:0:0:7","ICMPv6","76","RPL Control (Destination Advertisement Object)"
"1979","18.280873","fe80::c30c:0:0:3","fe80::c30c:0:0:b","ICMPv6","76","RPL Control (Destination Advertisement Object)"
"1980","18.281050","fe80::c30c:0:0:9","fe80::c30c:0:0:7","ICMPv6","76","RPL Control (Destination Advertisement Object)"
"1981","18.284201","fe80::c30c:0:0:3","fe80::c30c:0:0:b","ICMPv6","76","RPL Control (Destination Advertisement Object)"
"1982","18.284377","fe80::c30c:0:0:9","fe80::c30c:0:0:7","ICMPv6","76","RPL Control (Destination Advertisement Object)"
"1983","18.287527","fe80::c30c:0:0:3","fe80::c30c:0:0:b","ICMPv6","76","RPL Control (Destination Advertisement Object)"
"1984","18.287704","fe80::c30c:0:0:9","fe80::c30c:0:0:7","ICMPv6","76","RPL Control (Destination Advertisement Object)"
"1985","18.290853","fe80::c30c:0:0:3","fe80::c30c:0:0:b","ICMPv6","76","RPL Control (Destination Advertisement Object)"
"1986","18.291029","fe80::c30c:0:0:9","fe80::c30c:0:0:7","ICMPv6","76","RPL Control (Destination Advertisement Object)"
"1987","18.294180","fe80::c30c:0:0:3","fe80::c30c:0:0:b","ICMPv6","76","RPL Control (Destination Advertisement Object)"
"1988","18.294357","fe80::c30c:0:0:9","fe80::c30c:0:0:7","ICMPv6","76","RPL Control (Destination Advertisement Object)"
"1989","18.297505","fe80::c30c:0:0:3","fe80::c30c:0:0:b","ICMPv6","76","RPL Control (Destination Advertisement Object)"
"1990","18.297683","fe80::c30c:0:0:9","fe80::c30c:0:0:7","ICMPv6","76","RPL Control (Destination Advertisement Object)"
"1991","18.300833","fe80::c30c:0:0:3","fe80::c30c:0:0:b","ICMPv6","76","RPL Control (Destination Advertisement Object)"
"1992","18.301008","fe80::c30c:0:0:9","fe80::c30c:0:0:7","ICMPv6","76","RPL Control (Destination Advertisement Object)"
"1993","18.304157","fe80::c30c:0:0:3","fe80::c30c:0:0:b","ICMPv6","76","RPL Control (Destination Advertisement Object)"
"1994","18.304305","fe80::c30c:0:0:9","fe80::c30c:0:0:7","ICMPv6","76","RPL Control (Destination Advertisement Object)"
"1995","18.307455","fe80::c30c:0:0:3","fe80::c30c:0:0:b","ICMPv6","76","RPL Control (Destination Advertisement Object)"
"1996","18.307631","fe80::c30c:0:0:9","fe80::c30c:0:0:7","ICMPv6","76","RPL Control (Destination Advertisement Object)"
"1997","18.310781","fe80::c30c:0:0:3","fe80::c30c:0:0:b","ICMPv6","76","RPL Control (Destination Advertisement Object)"
"1998","18.310958","fe80::c30c:0:0:9","fe80::c30c:0:0:7","ICMPv6","76","RPL Control (Destination Advertisement Object)"
"1999","18.314107","fe80::c30c:0:0:3","fe80::c30c:0:0:b","ICMPv6","76","RPL Control (Destination Advertisement Object)"
"2000","18.314285","fe80::c30c:0:0:9","fe80::c30c:0:0:7","ICMPv6","76","RPL Control (Destination Advertisement Object)"
"2001","18.317433","fe80::c30c:0:0:3","fe80::c30c:0:0:b","ICMPv6","76","RPL Control (Destination Advertisement Object)"
"2002","18.317610","fe80::c30c:0:0:9","fe80::c30c:0:0:7","ICMPv6","76","RPL Control (Destination Advertisement Object)"
"2003","18.320759","fe80::c30c:0:0:3","fe80::c30c:0:0:b","ICMPv6","76","RPL Control (Destination Advertisement Object)"
"2004","18.324087","fe80::c30c:0:0:3","fe80::c30c:0:0:b","ICMPv6","76","RPL Control (Destination Advertisement Object)"
"2005","18.327413","fe80::c30c:0:0:3","fe80::c30c:0:0:b","ICMPv6","76","RPL Control (Destination Advertisement Object)"
"2006","18.327942","fe80::c30c:0:0:9","fe80::c30c:0:0:7","ICMPv6","76","RPL Control (Destination Advertisement Object)"
"2007","18.330740","fe80::c30c:0:0:3","fe80::c30c:0:0:b","ICMPv6","76","RPL Control (Destination Advertisement Object)"
"2008","18.331252","fe80::c30c:0:0:9","fe80::c30c:0:0:7","ICMPv6","76","RPL Control (Destination Advertisement Object)"
"2009","18.334066","fe80::c30c:0:0:3","fe80::c30c:0:0:b","ICMPv6","76","RPL Control (Destination Advertisement Object)"
"2010","18.334577","fe80::c30c:0:0:9","fe80::c30c:0:0:7","ICMPv6","76","RPL Control (Destination Advertisement Object)"
"2011","18.337393","fe80::c30c:0:0:3","fe80::c30c:0:0:b","ICMPv6","76","RPL Control (Destination Advertisement Object)"
"2012","18.337905","fe80::c30c:0:0:9","fe80::c30c:0:0:7","ICMPv6","76","RPL Control (Destination Advertisement Object)"
"2013","18.340718","fe80::c30c:0:0:3","fe80::c30c:0:0:b","ICMPv6","76","RPL Control (Destination Advertisement Object)"
"2014","18.341232","fe80::c30c:0:0:9","fe80::c30c:0:0:7","ICMPv6","76","RPL Control (Destination Advertisement Object)"
"2015","18.344046","fe80::c30c:0:0:3","fe80::c30c:0:0:b","ICMPv6","76","RPL Control (Destination Advertisement Object)"
"2016","18.344557","fe80::c30c:0:0:9","fe80::c30c:0:0:7","ICMPv6","76","RPL Control (Destination Advertisement Object)"
"2017","18.347372","fe80::c30c:0:0:3","fe80::c30c:0:0:b","ICMPv6","76","RPL Control (Destination Advertisement Object)"
"2018","18.347854","fe80::c30c:0:0:9","fe80::c30c:0:0:7","ICMPv6","76","RPL Control (Destination Advertisement Object)"
"2019","18.350697","fe80::c30c:0:0:3","fe80::c30c:0:0:b","ICMPv6","76","RPL Control (Destination Advertisement Object)"
"2020","18.351179","fe80::c30c:0:0:9","fe80::c30c:0:0:7","ICMPv6","76","RPL Control (Destination Advertisement Object)"
"2021","18.354025","fe80::c30c:0:0:3","fe80::c30c:0:0:b","ICMPv6","76","RPL Control (Destination Advertisement Object)"
"2022","18.354507","fe80::c30c:0:0:9","fe80::c30c:0:0:7","ICMPv6","76","RPL Control (Destination Advertisement Object)"
"2023","18.357351","fe80::c30c:0:0:3","fe80::c30c:0:0:b","ICMPv6","76","RPL Control (Destination Advertisement Object)"
"2024","18.357833","fe80::c30c:0:0:9","fe80::c30c:0:0:7","ICMPv6","76","RPL Control (Destination Advertisement Object)"
"2025","18.360678","fe80::c30c:0:0:3","fe80::c30c:0:0:b","ICMPv6","76","RPL Control (Destination Advertisement Object)"
"2026","18.361160","fe80::c30c:0:0:9","fe80::c30c:0:0:7","ICMPv6","76","RPL Control (Destination Advertisement Object)"
"2027","18.364003","fe80::c30c:0:0:3","fe80::c30c:0:0:b","ICMPv6","76","RPL Control (Destination Advertisement Object)"
"2028","18.364486","fe80::c30c:0:0:9","fe80::c30c:0:0:7","ICMPv6","76","RPL Control (Destination Advertisement Object)"
"2029","18.367329","fe80::c30c:0:0:3","fe80::c30c:0:0:b","ICMPv6","76","RPL Control (Destination Advertisement Object)"
"2030","18.367813","fe80::c30c:0:0:9","fe80::c30c:0:0:7","ICMPv6","76","RPL Control (Destination Advertisement Object)"
"2031","18.370655","fe80::c30c:0:0:3","fe80::c30c:0:0:b","ICMPv6","76","RPL Control (Destination Advertisement Object)"
"2032","18.371138","fe80::c30c:0:0:9","fe80::c30c:0:0:7","ICMPv6","76","RPL Control (Destination Advertisement Object)"
"2033","18.373983","fe80::c30c:0:0:3","fe80::c30c:0:0:b","ICMPv6","76","RPL Control (Destination Advertisement Object)"
"2034","18.374465","fe80::c30c:0:0:9","fe80::c30c:0:0:7","ICMPv6","76","RPL Control (Destination Advertisement Object)"
"2035","18.377308","fe80::c30c:0:0:3","fe80::c30c:0:0:b","ICMPv6","76","RPL Control (Destination Advertisement Object)"
"2036","18.377790","fe80::c30c:0:0:9","fe80::c30c:0:0:7","ICMPv6","76","RPL Control (Destination Advertisement Object)"
"2037","18.380635","fe80::c30c:0:0:3","fe80::c30c:0:0:b","ICMPv6","76","RPL Control (Destination Advertisement Object)"
"2038","18.381088","fe80::c30c:0:0:9","fe80::c30c:0:0:7","ICMPv6","76","RPL Control (Destination Advertisement Object)"
"2039","18.383963","fe80::c30c:0:0:3","fe80::c30c:0:0:b","ICMPv6","76","RPL Control (Destination Advertisement Object)"
"2040","18.384413","fe80::c30c:0:0:9","fe80::c30c:0:0:7","ICMPv6","76","RPL Control (Destination Advertisement Object)"
"2041","18.387288","fe80::c30c:0:0:3","fe80::c30c:0:0:b","ICMPv6","76","RPL Control (Destination Advertisement Object)"
"2042","18.387741","fe80::c30c:0:0:9","fe80::c30c:0:0:7","ICMPv6","76","RPL Control (Destination Advertisement Object)"
"2043","18.390615","fe80::c30c:0:0:3","fe80::c30c:0:0:b","ICMPv6","76","RPL Control (Destination Advertisement Object)"
"2044","18.391067","fe80::c30c:0:0:9","fe80::c30c:0:0:7","ICMPv6","76","RPL Control (Destination Advertisement Object)"
"2045","18.393942","fe80::c30c:0:0:3","fe80::c30c:0:0:b","ICMPv6","76","RPL Control (Destination Advertisement Object)"
"2046","18.394392","fe80::c30c:0:0:9","fe80::c30c:0:0:7","ICMPv6","76","RPL Control (Destination Advertisement Object)"
"2047","18.397267","fe80::c30c:0:0:3","fe80::c30c:0:0:b","ICMPv6","76","RPL Control (Destination Advertisement Object)"
"2048","18.397720","fe80::c30c:0:0:9","fe80::c30c:0:0:7","ICMPv6","76","RPL Control (Destination Advertisement Object)"
"2049","18.400593","fe80::c30c:0:0:3","fe80::c30c:0:0:b","ICMPv6","76","RPL Control (Destination Advertisement Object)"
"2050","18.401046","fe80::c30c:0:0:9","fe80::c30c:0:0:7","ICMPv6","76","RPL Control (Destination Advertisement Object)"
"2051","18.403920","fe80::c30c:0:0:3","fe80::c30c:0:0:b","ICMPv6","76","RPL Control (Destination Advertisement Object)"
"2052","18.404371","fe80::c30c:0:0:9","fe80::c30c:0:0:7","ICMPv6","76","RPL Control (Destination Advertisement Object)"
"2053","18.407698","fe80::c30c:0:0:9","fe80::c30c:0:0:7","ICMPv6","76","RPL Control (Destination Advertisement Object)"
"2054","18.410994","fe80::c30c:0:0:9","fe80::c30c:0:0:7","ICMPv6","76","RPL Control (Destination Advertisement Object)"
"2055","18.414250","fe80::c30c:0:0:3","fe80::c30c:0:0:b","ICMPv6","76","RPL Control (Destination Advertisement Object)"
"2056","18.414322","fe80::c30c:0:0:9","fe80::c30c:0:0:7","ICMPv6","76","RPL Control (Destination Advertisement Object)"
"2057","18.417563","fe80::c30c:0:0:3","fe80::c30c:0:0:b","ICMPv6","76","RPL Control (Destination Advertisement Object)"
"2058","18.417648","fe80::c30c:0:0:9","fe80::c30c:0:0:7","ICMPv6","76","RPL Control (Destination Advertisement Object)"
"2059","18.420889","fe80::c30c:0:0:3","fe80::c30c:0:0:b","ICMPv6","76","RPL Control (Destination Advertisement Object)"
"2060","18.420974","fe80::c30c:0:0:9","fe80::c30c:0:0:7","ICMPv6","76","RPL Control (Destination Advertisement Object)"
"2061","18.424214","fe80::c30c:0:0:3","fe80::c30c:0:0:b","ICMPv6","76","RPL Control (Destination Advertisement Object)"
"2062","18.424301","fe80::c30c:0:0:9","fe80::c30c:0:0:7","ICMPv6","76","RPL Control (Destination Advertisement Object)"
"2063","18.427541","fe80::c30c:0:0:3","fe80::c30c:0:0:b","ICMPv6","76","RPL Control (Destination Advertisement Object)"
"2064","18.427625","fe80::c30c:0:0:9","fe80::c30c:0:0:7","ICMPv6","76","RPL Control (Destination Advertisement Object)"
"2065","18.430868","fe80::c30c:0:0:3","fe80::c30c:0:0:b","ICMPv6","76","RPL Control (Destination Advertisement Object)"
"2066","18.430922","fe80::c30c:0:0:9","fe80::c30c:0:0:7","ICMPv6","76","RPL Control (Destination Advertisement Object)"
"2067","18.434193","fe80::c30c:0:0:3","fe80::c30c:0:0:b","ICMPv6","76","RPL Control (Destination Advertisement Object)"
"2068","18.434248","fe80::c30c:0:0:9","fe80::c30c:0:0:7","ICMPv6","76","RPL Control (Destination Advertisement Object)"
"2069","18.437521","fe80::c30c:0:0:3","fe80::c30c:0:0:b","ICMPv6","76","RPL Control (Destination Advertisement Object)"
"2070","18.437576","fe80::c30c:0:0:9","fe80::c30c:0:0:7","ICMPv6","76","RPL Control (Destination Advertisement Object)"
"2071","18.440847","fe80::c30c:0:0:3","fe80::c30c:0:0:b","ICMPv6","76","RPL Control (Destination Advertisement Object)"
"2072","18.440901","fe80::c30c:0:0:9","fe80::c30c:0:0:7","ICMPv6","76","RPL Control (Destination Advertisement Object)"
"2073","18.444173","fe80::c30c:0:0:3","fe80::c30c:0:0:b","ICMPv6","76","RPL Control (Destination Advertisement Object)"
"2074","18.444227","fe80::c30c:0:0:9","fe80::c30c:0:0:7","ICMPv6","76","RPL Control (Destination Advertisement Object)"
"2075","18.447500","fe80::c30c:0:0:3","fe80::c30c:0:0:b","ICMPv6","76","RPL Control (Destination Advertisement Object)"
"2076","18.447555","fe80::c30c:0:0:9","fe80::c30c:0:0:7","ICMPv6","76","RPL Control (Destination Advertisement Object)"
"2077","18.450826","fe80::c30c:0:0:3","fe80::c30c:0:0:b","ICMPv6","76","RPL Control (Destination Advertisement Object)"
"2078","18.450881","fe80::c30c:0:0:9","fe80::c30c:0:0:7","ICMPv6","76","RPL Control (Destination Advertisement Object)"
"2079","18.454123","fe80::c30c:0:0:3","fe80::c30c:0:0:b","ICMPv6","76","RPL Control (Destination Advertisement Object)"
"2080","18.454207","fe80::c30c:0:0:9","fe80::c30c:0:0:7","ICMPv6","76","RPL Control (Destination Advertisement Object)"
"2081","18.457456","fe80::c30c:0:0:3","fe80::c30c:0:0:b","ICMPv6","76","RPL Control (Destination Advertisement Object)"
"2082","18.460776","fe80::c30c:0:0:3","fe80::c30c:0:0:b","ICMPv6","76","RPL Control (Destination Advertisement Object)"
"2083","18.464102","fe80::c30c:0:0:3","fe80::c30c:0:0:b","ICMPv6","76","RPL Control (Destination Advertisement Object)"
"2084","18.465542","fe80::c30c:0:0:9","fe80::c30c:0:0:7","ICMPv6","76","RPL Control (Destination Advertisement Object)"
"2085","18.467427","fe80::c30c:0:0:3","fe80::c30c:0:0:b","ICMPv6","76","RPL Control (Destination Advertisement Object)"
"2086","18.468856","fe80::c30c:0:0:9","fe80::c30c:0:0:7","ICMPv6","76","RPL Control (Destination Advertisement Object)"
"2087","18.470723","fe80::c30c:0:0:3","fe80::c30c:0:0:b","ICMPv6","76","RPL Control (Destination Advertisement Object)"
"2088","18.472152","fe80::c30c:0:0:9","fe80::c30c:0:0:7","ICMPv6","76","RPL Control (Destination Advertisement Object)"
"2089","18.474051","fe80::c30c:0:0:3","fe80::c30c:0:0:b","ICMPv6","76","RPL Control (Destination Advertisement Object)"
"2090","18.475479","fe80::c30c:0:0:9","fe80::c30c:0:0:7","ICMPv6","76","RPL Control (Destination Advertisement Object)"
"2091","18.477377","fe80::c30c:0:0:3","fe80::c30c:0:0:b","ICMPv6","76","RPL Control (Destination Advertisement Object)"
"2092","18.478805","fe80::c30c:0:0:9","fe80::c30c:0:0:7","ICMPv6","76","RPL Control (Destination Advertisement Object)"
"2093","18.480703","fe80::c30c:0:0:3","fe80::c30c:0:0:b","ICMPv6","76","RPL Control (Destination Advertisement Object)"
"2094","18.482130","fe80::c30c:0:0:9","fe80::c30c:0:0:7","ICMPv6","76","RPL Control (Destination Advertisement Object)"
"2095","18.484028","fe80::c30c:0:0:3","fe80::c30c:0:0:b","ICMPv6","76","RPL Control (Destination Advertisement Object)"
"2096","18.485427","fe80::c30c:0:0:9","fe80::c30c:0:0:7","ICMPv6","76","RPL Control (Destination Advertisement Object)"
"2097","18.487325","fe80::c30c:0:0:3","fe80::c30c:0:0:b","ICMPv6","76","RPL Control (Destination Advertisement Object)"
"2098","18.488754","fe80::c30c:0:0:9","fe80::c30c:0:0:7","ICMPv6","76","RPL Control (Destination Advertisement Object)"
"2099","18.490651","fe80::c30c:0:0:3","fe80::c30c:0:0:b","ICMPv6","76","RPL Control (Destination Advertisement Object)"
"2100","18.492079","fe80::c30c:0:0:9","fe80::c30c:0:0:7","ICMPv6","76","RPL Control (Destination Advertisement Object)"
"2101","18.493978","fe80::c30c:0:0:3","fe80::c30c:0:0:b","ICMPv6","76","RPL Control (Destination Advertisement Object)"
"2102","18.495375","fe80::c30c:0:0:9","fe80::c30c:0:0:7","ICMPv6","76","RPL Control (Destination Advertisement Object)"
"2103","18.497305","fe80::c30c:0:0:3","fe80::c30c:0:0:b","ICMPv6","76","RPL Control (Destination Advertisement Object)"
"2104","18.498672","fe80::c30c:0:0:9","fe80::c30c:0:0:7","ICMPv6","76","RPL Control (Destination Advertisement Object)"
"2105","18.500630","fe80::c30c:0:0:3","fe80::c30c:0:0:b","ICMPv6","76","RPL Control (Destination Advertisement Object)"
"2106","18.501997","fe80::c30c:0:0:9","fe80::c30c:0:0:7","ICMPv6","76","RPL Control (Destination Advertisement Object)"
"2107","18.503958","fe80::c30c:0:0:3","fe80::c30c:0:0:b","ICMPv6","76","RPL Control (Destination Advertisement Object)"
"2108","18.505293","fe80::c30c:0:0:9","fe80::c30c:0:0:7","ICMPv6","76","RPL Control (Destination Advertisement Object)"
"2109","18.507282","fe80::c30c:0:0:3","fe80::c30c:0:0:b","ICMPv6","76","RPL Control (Destination Advertisement Object)"
"2110","18.508621","fe80::c30c:0:0:9","fe80::c30c:0:0:7","ICMPv6","76","RPL Control (Destination Advertisement Object)"
"2111","18.510580","fe80::c30c:0:0:3","fe80::c30c:0:0:b","ICMPv6","76","RPL Control (Destination Advertisement Object)"
"2112","18.511946","fe80::c30c:0:0:9","fe80::c30c:0:0:7","ICMPv6","76","RPL Control (Destination Advertisement Object)"
"2113","18.513906","fe80::c30c:0:0:3","fe80::c30c:0:0:b","ICMPv6","76","RPL Control (Destination Advertisement Object)"
"2114","18.515274","fe80::c30c:0:0:9","fe80::c30c:0:0:7","ICMPv6","76","RPL Control (Destination Advertisement Object)"
"2115","18.517232","fe80::c30c:0:0:3","fe80::c30c:0:0:b","ICMPv6","76","RPL Control (Destination Advertisement Object)"
"2116","18.518600","fe80::c30c:0:0:9","fe80::c30c:0:0:7","ICMPv6","76","RPL Control (Destination Advertisement Object)"
"2117","18.520558","fe80::c30c:0:0:3","fe80::c30c:0:0:b","ICMPv6","76","RPL Control (Destination Advertisement Object)"
"2118","18.521925","fe80::c30c:0:0:9","fe80::c30c:0:0:7","ICMPv6","76","RPL Control (Destination Advertisement Object)"
"2119","18.523886","fe80::c30c:0:0:3","fe80::c30c:0:0:b","ICMPv6","76","RPL Control (Destination Advertisement Object)"
"2120","18.525252","fe80::c30c:0:0:9","fe80::c30c:0:0:7","ICMPv6","76","RPL Control (Destination Advertisement Object)"
"2121","18.527212","fe80::c30c:0:0:3","fe80::c30c:0:0:b","ICMPv6","76","RPL Control (Destination Advertisement Object)"
"2122","18.528579","fe80::c30c:0:0:9","fe80::c30c:0:0:7","ICMPv6","76","RPL Control (Destination Advertisement Object)"
"2123","18.530538","fe80::c30c:0:0:3","fe80::c30c:0:0:b","ICMPv6","76","RPL Control (Destination Advertisement Object)"
"2124","18.531905","fe80::c30c:0:0:9","fe80::c30c:0:0:7","ICMPv6","76","RPL Control (Destination Advertisement Object)"
"2125","18.533865","fe80::c30c:0:0:3","fe80::c30c:0:0:b","ICMPv6","76","RPL Control (Destination Advertisement Object)"
"2126","18.535232","fe80::c30c:0:0:9","fe80::c30c:0:0:7","ICMPv6","76","RPL Control (Destination Advertisement Object)"
"2127","18.537191","fe80::c30c:0:0:3","fe80::c30c:0:0:b","ICMPv6","76","RPL Control (Destination Advertisement Object)"
"2128","18.538557","fe80::c30c:0:0:9","fe80::c30c:0:0:7","ICMPv6","76","RPL Control (Destination Advertisement Object)"
"2129","18.540518","fe80::c30c:0:0:3","fe80::c30c:0:0:b","ICMPv6","76","RPL Control (Destination Advertisement Object)"
"2130","18.541883","fe80::c30c:0:0:9","fe80::c30c:0:0:7","ICMPv6","76","RPL Control (Destination Advertisement Object)"
"2131","18.545179","fe80::c30c:0:0:9","fe80::c30c:0:0:7","ICMPv6","76","RPL Control (Destination Advertisement Object)"
"2132","18.548477","fe80::c30c:0:0:9","fe80::c30c:0:0:7","ICMPv6","76","RPL Control (Destination Advertisement Object)"
"2133","18.550845","fe80::c30c:0:0:3","fe80::c30c:0:0:b","ICMPv6","76","RPL Control (Destination Advertisement Object)"
"2134","18.551803","fe80::c30c:0:0:9","fe80::c30c:0:0:7","ICMPv6","76","RPL Control (Destination Advertisement Object)"
"2135","18.554159","fe80::c30c:0:0:3","fe80::c30c:0:0:b","ICMPv6","76","RPL Control (Destination Advertisement Object)"
"2136","18.555128","fe80::c30c:0:0:9","fe80::c30c:0:0:7","ICMPv6","76","RPL Control (Destination Advertisement Object)"
"2137","18.557486","fe80::c30c:0:0:3","fe80::c30c:0:0:b","ICMPv6","76","RPL Control (Destination Advertisement Object)"
"2138","18.558426","fe80::c30c:0:0:9","fe80::c30c:0:0:7","ICMPv6","76","RPL Control (Destination Advertisement Object)"
"2139","18.560811","fe80::c30c:0:0:3","fe80::c30c:0:0:b","ICMPv6","76","RPL Control (Destination Advertisement Object)"
"2140","18.561752","fe80::c30c:0:0:9","fe80::c30c:0:0:7","ICMPv6","76","RPL Control (Destination Advertisement Object)"
"2141","18.564107","fe80::c30c:0:0:3","fe80::c30c:0:0:b","ICMPv6","76","RPL Control (Destination Advertisement Object)"
"2142","18.565078","fe80::c30c:0:0:9","fe80::c30c:0:0:7","ICMPv6","76","RPL Control (Destination Advertisement Object)"
"2143","18.567434","fe80::c30c:0:0:3","fe80::c30c:0:0:b","ICMPv6","76","RPL Control (Destination Advertisement Object)"
"2144","18.568403","fe80::c30c:0:0:9","fe80::c30c:0:0:7","ICMPv6","76","RPL Control (Destination Advertisement Object)"
"2145","18.570761","fe80::c30c:0:0:3","fe80::c30c:0:0:b","ICMPv6","76","RPL Control (Destination Advertisement Object)"
"2146","18.571730","fe80::c30c:0:0:9","fe80::c30c:0:0:7","ICMPv6","76","RPL Control (Destination Advertisement Object)"
"2147","18.574087","fe80::c30c:0:0:3","fe80::c30c:0:0:b","ICMPv6","76","RPL Control (Destination Advertisement Object)"
"2148","18.575027","fe80::c30c:0:0:9","fe80::c30c:0:0:7","ICMPv6","76","RPL Control (Destination Advertisement Object)"
"2149","18.577414","fe80::c30c:0:0:3","fe80::c30c:0:0:b","ICMPv6","76","RPL Control (Destination Advertisement Object)"
"2150","18.578352","fe80::c30c:0:0:9","fe80::c30c:0:0:7","ICMPv6","76","RPL Control (Destination Advertisement Object)"
"2151","18.580740","fe80::c30c:0:0:3","fe80::c30c:0:0:b","ICMPv6","76","RPL Control (Destination Advertisement Object)"
"2152","18.581649","fe80::c30c:0:0:9","fe80::c30c:0:0:7","ICMPv6","76","RPL Control (Destination Advertisement Object)"
"2153","18.584066","fe80::c30c:0:0:3","fe80::c30c:0:0:b","ICMPv6","76","RPL Control (Destination Advertisement Object)"
"2154","18.584975","fe80::c30c:0:0:9","fe80::c30c:0:0:7","ICMPv6","76","RPL Control (Destination Advertisement Object)"
"2155","18.587391","fe80::c30c:0:0:3","fe80::c30c:0:0:b","ICMPv6","76","RPL Control (Destination Advertisement Object)"
"2156","18.588271","fe80::c30c:0:0:9","fe80::c30c:0:0:7","ICMPv6","76","RPL Control (Destination Advertisement Object)"
"2157","18.590718","fe80::c30c:0:0:3","fe80::c30c:0:0:b","ICMPv6","76","RPL Control (Destination Advertisement Object)"
"2158","18.591598","fe80::c30c:0:0:9","fe80::c30c:0:0:7","ICMPv6","76","RPL Control (Destination Advertisement Object)"
"2159","18.594014","fe80::c30c:0:0:3","fe80::c30c:0:0:b","ICMPv6","76","RPL Control (Destination Advertisement Object)"
"2160","18.597342","fe80::c30c:0:0:3","fe80::c30c:0:0:b","ICMPv6","76","RPL Control (Destination Advertisement Object)"
"2161","18.600667","fe80::c30c:0:0:3","fe80::c30c:0:0:b","ICMPv6","76","RPL Control (Destination Advertisement Object)"
"2162","18.601956","fe80::c30c:0:0:9","fe80::c30c:0:0:7","ICMPv6","76","RPL Control (Destination Advertisement Object)"
"2163","18.603994","fe80::c30c:0:0:3","fe80::c30c:0:0:b","ICMPv6","76","RPL Control (Destination Advertisement Object)"
"2164","18.605269","fe80::c30c:0:0:9","fe80::c30c:0:0:7","ICMPv6","76","RPL Control (Destination Advertisement Object)"
"2165","18.607321","fe80::c30c:0:0:3","fe80::c30c:0:0:b","ICMPv6","76","RPL Control (Destination Advertisement Object)"
"2166","18.608597","fe80::c30c:0:0:9","fe80::c30c:0:0:7","ICMPv6","76","RPL Control (Destination Advertisement Object)"
"2167","18.610645","fe80::c30c:0:0:3","fe80::c30c:0:0:b","ICMPv6","76","RPL Control (Destination Advertisement Object)"
"2168","18.611923","fe80::c30c:0:0:9","fe80::c30c:0:0:7","ICMPv6","76","RPL Control (Destination Advertisement Object)"
"2169","18.613942","fe80::c30c:0:0:3","fe80::c30c:0:0:b","ICMPv6","76","RPL Control (Destination Advertisement Object)"
"2170","18.615249","fe80::c30c:0:0:9","fe80::c30c:0:0:7","ICMPv6","76","RPL Control (Destination Advertisement Object)"
"2171","18.617268","fe80::c30c:0:0:3","fe80::c30c:0:0:b","ICMPv6","76","RPL Control (Destination Advertisement Object)"
"2172","18.618574","fe80::c30c:0:0:9","fe80::c30c:0:0:7","ICMPv6","76","RPL Control (Destination Advertisement Object)"
"2173","18.620596","fe80::c30c:0:0:3","fe80::c30c:0:0:b","ICMPv6","76","RPL Control (Destination Advertisement Object)"
"2174","18.621870","fe80::c30c:0:0:9","fe80::c30c:0:0:7","ICMPv6","76","RPL Control (Destination Advertisement Object)"
"2175","18.623921","fe80::c30c:0:0:3","fe80::c30c:0:0:b","ICMPv6","76","RPL Control (Destination Advertisement Object)"
"2176","18.625167","fe80::c30c:0:0:9","fe80::c30c:0:0:7","ICMPv6","76","RPL Control (Destination Advertisement Object)"
"2177","18.627249","fe80::c30c:0:0:3","fe80::c30c:0:0:b","ICMPv6","76","RPL Control (Destination Advertisement Object)"
"2178","18.628492","fe80::c30c:0:0:9","fe80::c30c:0:0:7","ICMPv6","76","RPL Control (Destination Advertisement Object)"
"2179","18.630575","fe80::c30c:0:0:3","fe80::c30c:0:0:b","ICMPv6","76","RPL Control (Destination Advertisement Object)"
"2180","18.631789","fe80::c30c:0:0:9","fe80::c30c:0:0:7","ICMPv6","76","RPL Control (Destination Advertisement Object)"
"2181","18.633901","fe80::c30c:0:0:3","fe80::c30c:0:0:b","ICMPv6","76","RPL Control (Destination Advertisement Object)"
"2182","18.635115","fe80::c30c:0:0:9","fe80::c30c:0:0:7","ICMPv6","76","RPL Control (Destination Advertisement Object)"
"2183","18.637228","fe80::c30c:0:0:3","fe80::c30c:0:0:b","ICMPv6","76","RPL Control (Destination Advertisement Object)"
"2184","18.638443","fe80::c30c:0:0:9","fe80::c30c:0:0:7","ICMPv6","76","RPL Control (Destination Advertisement Object)"
"2185","18.640554","fe80::c30c:0:0:3","fe80::c30c:0:0:b","ICMPv6","76","RPL Control (Destination Advertisement Object)"
"2186","18.641768","fe80::c30c:0:0:9","fe80::c30c:0:0:7","ICMPv6","76","RPL Control (Destination Advertisement Object)"
"2187","18.643881","fe80::c30c:0:0:3","fe80::c30c:0:0:b","ICMPv6","76","RPL Control (Destination Advertisement Object)"
"2188","18.645094","fe80::c30c:0:0:9","fe80::c30c:0:0:7","ICMPv6","76","RPL Control (Destination Advertisement Object)"
"2189","18.647206","fe80::c30c:0:0:3","fe80::c30c:0:0:b","ICMPv6","76","RPL Control (Destination Advertisement Object)"
"2190","18.648422","fe80::c30c:0:0:9","fe80::c30c:0:0:7","ICMPv6","76","RPL Control (Destination Advertisement Object)"
"2191","18.650532","fe80::c30c:0:0:3","fe80::c30c:0:0:b","ICMPv6","76","RPL Control (Destination Advertisement Object)"
"2192","18.651748","fe80::c30c:0:0:9","fe80::c30c:0:0:7","ICMPv6","76","RPL Control (Destination Advertisement Object)"
"2193","18.653860","fe80::c30c:0:0:3","fe80::c30c:0:0:b","ICMPv6","76","RPL Control (Destination Advertisement Object)"
"2194","18.655073","fe80::c30c:0:0:9","fe80::c30c:0:0:7","ICMPv6","76","RPL Control (Destination Advertisement Object)"
"2195","18.657185","fe80::c30c:0:0:3","fe80::c30c:0:0:b","ICMPv6","76","RPL Control (Destination Advertisement Object)"
"2196","18.658401","fe80::c30c:0:0:9","fe80::c30c:0:0:7","ICMPv6","76","RPL Control (Destination Advertisement Object)"
"2197","18.660525","fe80::c30c:0:0:3","fe80::c30c:0:0:b","ICMPv6","76","RPL Control (Destination Advertisement Object)"
"2198","18.661727","fe80::c30c:0:0:9","fe80::c30c:0:0:7","ICMPv6","76","RPL Control (Destination Advertisement Object)"
"2199","18.663839","fe80::c30c:0:0:3","fe80::c30c:0:0:b","ICMPv6","76","RPL Control (Destination Advertisement Object)"
"2200","18.665069","fe80::c30c:0:0:9","fe80::c30c:0:0:7","ICMPv6","76","RPL Control (Destination Advertisement Object)"
"2201","18.667166","fe80::c30c:0:0:3","fe80::c30c:0:0:b","ICMPv6","76","RPL Control (Destination Advertisement Object)"
"2202","18.668379","fe80::c30c:0:0:9","fe80::c30c:0:0:7","ICMPv6","76","RPL Control (Destination Advertisement Object)"
"2203","18.670492","fe80::c30c:0:0:3","fe80::c30c:0:0:b","ICMPv6","76","RPL Control (Destination Advertisement Object)"
"2204","18.671707","fe80::c30c:0:0:9","fe80::c30c:0:0:7","ICMPv6","76","RPL Control (Destination Advertisement Object)"
"2205","18.673817","fe80::c30c:0:0:3","fe80::c30c:0:0:b","ICMPv6","76","RPL Control (Destination Advertisement Object)"
"2206","18.675033","fe80::c30c:0:0:9","fe80::c30c:0:0:7","ICMPv6","76","RPL Control (Destination Advertisement Object)"
"2207","18.677113","fe80::c30c:0:0:3","fe80::c30c:0:0:b","ICMPv6","76","RPL Control (Destination Advertisement Object)"
"2208","18.678358","fe80::c30c:0:0:9","fe80::c30c:0:0:7","ICMPv6","76","RPL Control (Destination Advertisement Object)"
"2209","18.681686","fe80::c30c:0:0:9","fe80::c30c:0:0:7","ICMPv6","76","RPL Control (Destination Advertisement Object)"
"2210","18.685012","fe80::c30c:0:0:9","fe80::c30c:0:0:7","ICMPv6","76","RPL Control (Destination Advertisement Object)"
"2211","18.688337","fe80::c30c:0:0:9","fe80::c30c:0:0:7","ICMPv6","76","RPL Control (Destination Advertisement Object)"
"2212","18.691664","fe80::c30c:0:0:9","fe80::c30c:0:0:7","ICMPv6","76","RPL Control (Destination Advertisement Object)"
"2213","18.694960","fe80::c30c:0:0:9","fe80::c30c:0:0:7","ICMPv6","76","RPL Control (Destination Advertisement Object)"
"2214","18.698288","fe80::c30c:0:0:9","fe80::c30c:0:0:7","ICMPv6","76","RPL Control (Destination Advertisement Object)"
"2215","18.701614","fe80::c30c:0:0:9","fe80::c30c:0:0:7","ICMPv6","76","RPL Control (Destination Advertisement Object)"
"2216","18.704941","fe80::c30c:0:0:9","fe80::c30c:0:0:7","ICMPv6","76","RPL Control (Destination Advertisement Object)"
"2217","18.708376","fe80::c30c:0:0:9","fe80::c30c:0:0:7","ICMPv6","76","RPL Control (Destination Advertisement Object)"
"2218","18.711685","fe80::c30c:0:0:9","fe80::c30c:0:0:7","ICMPv6","76","RPL Control (Destination Advertisement Object)"
"2219","18.715010","fe80::c30c:0:0:9","fe80::c30c:0:0:7","ICMPv6","76","RPL Control (Destination Advertisement Object)"
"2220","18.718307","fe80::c30c:0:0:9","fe80::c30c:0:0:7","ICMPv6","76","RPL Control (Destination Advertisement Object)"
"2221","18.721634","fe80::c30c:0:0:9","fe80::c30c:0:0:7","ICMPv6","76","RPL Control (Destination Advertisement Object)"
"2222","18.724960","fe80::c30c:0:0:9","fe80::c30c:0:0:7","ICMPv6","76","RPL Control (Destination Advertisement Object)"
"2223","18.728285","fe80::c30c:0:0:9","fe80::c30c:0:0:7","ICMPv6","76","RPL Control (Destination Advertisement Object)"
"2224","18.921907","fe80::c30c:0:0:6","fe80::c30c:0:0:7","ICMPv6","76","RPL Control (Destination Advertisement Object)"
"2225","18.925220","fe80::c30c:0:0:6","fe80::c30c:0:0:7","ICMPv6","76","RPL Control (Destination Advertisement Object)"
"2226","18.928547","fe80::c30c:0:0:6","fe80::c30c:0:0:7","ICMPv6","76","RPL Control (Destination Advertisement Object)"
"2227","18.931873","fe80::c30c:0:0:6","fe80::c30c:0:0:7","ICMPv6","76","RPL Control (Destination Advertisement Object)"
"2228","18.935199","fe80::c30c:0:0:6","fe80::c30c:0:0:7","ICMPv6","76","RPL Control (Destination Advertisement Object)"
"2229","18.938524","fe80::c30c:0:0:6","fe80::c30c:0:0:7","ICMPv6","76","RPL Control (Destination Advertisement Object)"
"2230","18.941820","fe80::c30c:0:0:6","fe80::c30c:0:0:7","ICMPv6","76","RPL Control (Destination Advertisement Object)"
"2231","18.945147","fe80::c30c:0:0:6","fe80::c30c:0:0:7","ICMPv6","76","RPL Control (Destination Advertisement Object)"
"2232","18.948474","fe80::c30c:0:0:6","fe80::c30c:0:0:7","ICMPv6","76","RPL Control (Destination Advertisement Object)"
"2233","18.951800","fe80::c30c:0:0:6","fe80::c30c:0:0:7","ICMPv6","76","RPL Control (Destination Advertisement Object)"
"2234","18.955127","fe80::c30c:0:0:6","fe80::c30c:0:0:7","ICMPv6","76","RPL Control (Destination Advertisement Object)"
"2235","18.958453","fe80::c30c:0:0:6","fe80::c30c:0:0:7","ICMPv6","76","RPL Control (Destination Advertisement Object)"
"2236","18.961780","fe80::c30c:0:0:6","fe80::c30c:0:0:7","ICMPv6","76","RPL Control (Destination Advertisement Object)"
"2237","18.965107","fe80::c30c:0:0:6","fe80::c30c:0:0:7","ICMPv6","76","RPL Control (Destination Advertisement Object)"
"2238","18.968433","fe80::c30c:0:0:6","fe80::c30c:0:0:7","ICMPv6","76","RPL Control (Destination Advertisement Object)"
"2239","18.971759","fe80::c30c:0:0:6","fe80::c30c:0:0:7","ICMPv6","76","RPL Control (Destination Advertisement Object)"
"2240","18.972678","fe80::c30c:0:0:2","fe80::c30c:0:0:b","ICMPv6","76","RPL Control (Destination Advertisement Object)"
"2241","18.975084","fe80::c30c:0:0:6","fe80::c30c:0:0:7","ICMPv6","76","RPL Control (Destination Advertisement Object)"
"2242","18.975991","fe80::c30c:0:0:2","fe80::c30c:0:0:b","ICMPv6","76","RPL Control (Destination Advertisement Object)"
"2243","18.978381","fe80::c30c:0:0:6","fe80::c30c:0:0:7","ICMPv6","76","RPL Control (Destination Advertisement Object)"
"2244","18.979318","fe80::c30c:0:0:2","fe80::c30c:0:0:b","ICMPv6","76","RPL Control (Destination Advertisement Object)"
"2245","18.981708","fe80::c30c:0:0:6","fe80::c30c:0:0:7","ICMPv6","76","RPL Control (Destination Advertisement Object)"
"2246","18.982644","fe80::c30c:0:0:2","fe80::c30c:0:0:b","ICMPv6","76","RPL Control (Destination Advertisement Object)"
"2247","18.985033","fe80::c30c:0:0:6","fe80::c30c:0:0:7","ICMPv6","76","RPL Control (Destination Advertisement Object)"
"2248","18.986019","fe80::c30c:0:0:2","fe80::c30c:0:0:b","ICMPv6","76","RPL Control (Destination Advertisement Object)"
"2249","18.988330","fe80::c30c:0:0:6","fe80::c30c:0:0:7","ICMPv6","76","RPL Control (Destination Advertisement Object)"
"2250","18.989328","fe80::c30c:0:0:2","fe80::c30c:0:0:b","ICMPv6","76","RPL Control (Destination Advertisement Object)"
"2251","18.991657","fe80::c30c:0:0:6","fe80::c30c:0:0:7","ICMPv6","76","RPL Control (Destination Advertisement Object)"
"2252","18.992654","fe80::c30c:0:0:2","fe80::c30c:0:0:b","ICMPv6","76","RPL Control (Destination Advertisement Object)"
"2253","18.994982","fe80::c30c:0:0:6","fe80::c30c:0:0:7","ICMPv6","76","RPL Control (Destination Advertisement Object)"
"2254","18.995981","fe80::c30c:0:0:2","fe80::c30c:0:0:b","ICMPv6","76","RPL Control (Destination Advertisement Object)"
"2255","18.998279","fe80::c30c:0:0:6","fe80::c30c:0:0:7","ICMPv6","76","RPL Control (Destination Advertisement Object)"
"2256","18.999306","fe80::c30c:0:0:2","fe80::c30c:0:0:b","ICMPv6","76","RPL Control (Destination Advertisement Object)"
"2257","19.001604","fe80::c30c:0:0:6","fe80::c30c:0:0:7","ICMPv6","76","RPL Control (Destination Advertisement Object)"
"2258","19.002633","fe80::c30c:0:0:2","fe80::c30c:0:0:b","ICMPv6","76","RPL Control (Destination Advertisement Object)"
"2259","19.004931","fe80::c30c:0:0:6","fe80::c30c:0:0:7","ICMPv6","76","RPL Control (Destination Advertisement Object)"
"2260","19.005958","fe80::c30c:0:0:2","fe80::c30c:0:0:b","ICMPv6","76","RPL Control (Destination Advertisement Object)"
"2261","19.008257","fe80::c30c:0:0:6","fe80::c30c:0:0:7","ICMPv6","76","RPL Control (Destination Advertisement Object)"
"2262","19.009256","fe80::c30c:0:0:2","fe80::c30c:0:0:b","ICMPv6","76","RPL Control (Destination Advertisement Object)"
"2263","19.011585","fe80::c30c:0:0:6","fe80::c30c:0:0:7","ICMPv6","76","RPL Control (Destination Advertisement Object)"
"2264","19.012582","fe80::c30c:0:0:2","fe80::c30c:0:0:b","ICMPv6","76","RPL Control (Destination Advertisement Object)"
"2265","19.014910","fe80::c30c:0:0:6","fe80::c30c:0:0:7","ICMPv6","76","RPL Control (Destination Advertisement Object)"
"2266","19.015908","fe80::c30c:0:0:2","fe80::c30c:0:0:b","ICMPv6","76","RPL Control (Destination Advertisement Object)"
"2267","19.018238","fe80::c30c:0:0:6","fe80::c30c:0:0:7","ICMPv6","76","RPL Control (Destination Advertisement Object)"
"2268","19.019235","fe80::c30c:0:0:2","fe80::c30c:0:0:b","ICMPv6","76","RPL Control (Destination Advertisement Object)"
"2269","19.021563","fe80::c30c:0:0:6","fe80::c30c:0:0:7","ICMPv6","76","RPL Control (Destination Advertisement Object)"
"2270","19.022562","fe80::c30c:0:0:2","fe80::c30c:0:0:b","ICMPv6","76","RPL Control (Destination Advertisement Object)"
"2271","19.024891","fe80::c30c:0:0:6","fe80::c30c:0:0:7","ICMPv6","76","RPL Control (Destination Advertisement Object)"
"2272","19.025888","fe80::c30c:0:0:2","fe80::c30c:0:0:b","ICMPv6","76","RPL Control (Destination Advertisement Object)"
"2273","19.028217","fe80::c30c:0:0:6","fe80::c30c:0:0:7","ICMPv6","76","RPL Control (Destination Advertisement Object)"
"2274","19.029213","fe80::c30c:0:0:2","fe80::c30c:0:0:b","ICMPv6","76","RPL Control (Destination Advertisement Object)"
"2275","19.031543","fe80::c30c:0:0:6","fe80::c30c:0:0:7","ICMPv6","76","RPL Control (Destination Advertisement Object)"
"2276","19.032509","fe80::c30c:0:0:2","fe80::c30c:0:0:b","ICMPv6","76","RPL Control (Destination Advertisement Object)"
"2277","19.034868","fe80::c30c:0:0:6","fe80::c30c:0:0:7","ICMPv6","76","RPL Control (Destination Advertisement Object)"
"2278","19.035837","fe80::c30c:0:0:2","fe80::c30c:0:0:b","ICMPv6","76","RPL Control (Destination Advertisement Object)"
"2279","19.038195","fe80::c30c:0:0:6","fe80::c30c:0:0:7","ICMPv6","76","RPL Control (Destination Advertisement Object)"
"2280","19.039163","fe80::c30c:0:0:2","fe80::c30c:0:0:b","ICMPv6","76","RPL Control (Destination Advertisement Object)"
"2281","19.041491","fe80::c30c:0:0:6","fe80::c30c:0:0:7","ICMPv6","76","RPL Control (Destination Advertisement Object)"
"2282","19.042489","fe80::c30c:0:0:2","fe80::c30c:0:0:b","ICMPv6","76","RPL Control (Destination Advertisement Object)"
"2283","19.044787","fe80::c30c:0:0:6","fe80::c30c:0:0:7","ICMPv6","76","RPL Control (Destination Advertisement Object)"
"2284","19.045816","fe80::c30c:0:0:2","fe80::c30c:0:0:b","ICMPv6","76","RPL Control (Destination Advertisement Object)"
"2285","19.048083","fe80::c30c:0:0:6","fe80::c30c:0:0:7","ICMPv6","76","RPL Control (Destination Advertisement Object)"
"2286","19.049141","fe80::c30c:0:0:2","fe80::c30c:0:0:b","ICMPv6","76","RPL Control (Destination Advertisement Object)"
"2287","19.052469","fe80::c30c:0:0:2","fe80::c30c:0:0:b","ICMPv6","76","RPL Control (Destination Advertisement Object)"
"2288","19.055795","fe80::c30c:0:0:2","fe80::c30c:0:0:b","ICMPv6","76","RPL Control (Destination Advertisement Object)"
"2289","19.058281","fe80::c30c:0:0:6","fe80::c30c:0:0:7","ICMPv6","76","RPL Control (Destination Advertisement Object)"
"2290","19.059120","fe80::c30c:0:0:2","fe80::c30c:0:0:b","ICMPv6","76","RPL Control (Destination Advertisement Object)"
"2291","19.061603","fe80::c30c:0:0:6","fe80::c30c:0:0:7","ICMPv6","76","RPL Control (Destination Advertisement Object)"
"2292","19.062417","fe80::c30c:0:0:2","fe80::c30c:0:0:b","ICMPv6","76","RPL Control (Destination Advertisement Object)"
"2293","19.064929","fe80::c30c:0:0:6","fe80::c30c:0:0:7","ICMPv6","76","RPL Control (Destination Advertisement Object)"
"2294","19.065744","fe80::c30c:0:0:2","fe80::c30c:0:0:b","ICMPv6","76","RPL Control (Destination Advertisement Object)"
"2295","19.068255","fe80::c30c:0:0:6","fe80::c30c:0:0:7","ICMPv6","76","RPL Control (Destination Advertisement Object)"
"2296","19.069070","fe80::c30c:0:0:2","fe80::c30c:0:0:b","ICMPv6","76","RPL Control (Destination Advertisement Object)"
"2297","19.071582","fe80::c30c:0:0:6","fe80::c30c:0:0:7","ICMPv6","76","RPL Control (Destination Advertisement Object)"
"2298","19.072395","fe80::c30c:0:0:2","fe80::c30c:0:0:b","ICMPv6","76","RPL Control (Destination Advertisement Object)"
"2299","19.074909","fe80::c30c:0:0:6","fe80::c30c:0:0:7","ICMPv6","76","RPL Control (Destination Advertisement Object)"
"2300","19.075721","fe80::c30c:0:0:2","fe80::c30c:0:0:b","ICMPv6","76","RPL Control (Destination Advertisement Object)"
"2301","19.078234","fe80::c30c:0:0:6","fe80::c30c:0:0:7","ICMPv6","76","RPL Control (Destination Advertisement Object)"
"2302","19.079019","fe80::c30c:0:0:2","fe80::c30c:0:0:b","ICMPv6","76","RPL Control (Destination Advertisement Object)"
"2303","19.081531","fe80::c30c:0:0:6","fe80::c30c:0:0:7","ICMPv6","76","RPL Control (Destination Advertisement Object)"
"2304","19.082344","fe80::c30c:0:0:2","fe80::c30c:0:0:b","ICMPv6","76","RPL Control (Destination Advertisement Object)"
"2305","19.084856","fe80::c30c:0:0:6","fe80::c30c:0:0:7","ICMPv6","76","RPL Control (Destination Advertisement Object)"
"2306","19.085671","fe80::c30c:0:0:2","fe80::c30c:0:0:b","ICMPv6","76","RPL Control (Destination Advertisement Object)"
"2307","19.088184","fe80::c30c:0:0:6","fe80::c30c:0:0:7","ICMPv6","76","RPL Control (Destination Advertisement Object)"
"2308","19.088967","fe80::c30c:0:0:2","fe80::c30c:0:0:b","ICMPv6","76","RPL Control (Destination Advertisement Object)"
"2309","19.091509","fe80::c30c:0:0:6","fe80::c30c:0:0:7","ICMPv6","76","RPL Control (Destination Advertisement Object)"
"2310","19.092294","fe80::c30c:0:0:2","fe80::c30c:0:0:b","ICMPv6","76","RPL Control (Destination Advertisement Object)"
"2311","19.094806","fe80::c30c:0:0:6","fe80::c30c:0:0:7","ICMPv6","76","RPL Control (Destination Advertisement Object)"
"2312","19.095619","fe80::c30c:0:0:2","fe80::c30c:0:0:b","ICMPv6","76","RPL Control (Destination Advertisement Object)"
"2313","19.098131","fe80::c30c:0:0:6","fe80::c30c:0:0:7","ICMPv6","76","RPL Control (Destination Advertisement Object)"
"2314","19.098947","fe80::c30c:0:0:2","fe80::c30c:0:0:b","ICMPv6","76","RPL Control (Destination Advertisement Object)"
"2315","19.101428","fe80::c30c:0:0:6","fe80::c30c:0:0:7","ICMPv6","76","RPL Control (Destination Advertisement Object)"
"2316","19.104753","fe80::c30c:0:0:6","fe80::c30c:0:0:7","ICMPv6","76","RPL Control (Destination Advertisement Object)"
"2317","19.108081","fe80::c30c:0:0:6","fe80::c30c:0:0:7","ICMPv6","76","RPL Control (Destination Advertisement Object)"
"2318","19.109153","fe80::c30c:0:0:2","fe80::c30c:0:0:b","ICMPv6","76","RPL Control (Destination Advertisement Object)"
"2319","19.111407","fe80::c30c:0:0:6","fe80::c30c:0:0:7","ICMPv6","76","RPL Control (Destination Advertisement Object)"
"2320","19.112466","fe80::c30c:0:0:2","fe80::c30c:0:0:b","ICMPv6","76","RPL Control (Destination Advertisement Object)"
"2321","19.114733","fe80::c30c:0:0:6","fe80::c30c:0:0:7","ICMPv6","76","RPL Control (Destination Advertisement Object)"
"2322","19.115792","fe80::c30c:0:0:2","fe80::c30c:0:0:b","ICMPv6","76","RPL Control (Destination Advertisement Object)"
"2323","19.118061","fe80::c30c:0:0:6","fe80::c30c:0:0:7","ICMPv6","76","RPL Control (Destination Advertisement Object)"
"2324","19.119117","fe80::c30c:0:0:2","fe80::c30c:0:0:b","ICMPv6","76","RPL Control (Destination Advertisement Object)"
"2325","19.121386","fe80::c30c:0:0:6","fe80::c30c:0:0:7","ICMPv6","76","RPL Control (Destination Advertisement Object)"
"2326","19.122414","fe80::c30c:0:0:2","fe80::c30c:0:0:b","ICMPv6","76","RPL Control (Destination Advertisement Object)"
"2327","19.124712","fe80::c30c:0:0:6","fe80::c30c:0:0:7","ICMPv6","76","RPL Control (Destination Advertisement Object)"
"2328","19.125740","fe80::c30c:0:0:2","fe80::c30c:0:0:b","ICMPv6","76","RPL Control (Destination Advertisement Object)"
"2329","19.128040","fe80::c30c:0:0:6","fe80::c30c:0:0:7","ICMPv6","76","RPL Control (Destination Advertisement Object)"
"2330","19.129068","fe80::c30c:0:0:2","fe80::c30c:0:0:b","ICMPv6","76","RPL Control (Destination Advertisement Object)"
"2331","19.131366","fe80::c30c:0:0:6","fe80::c30c:0:0:7","ICMPv6","76","RPL Control (Destination Advertisement Object)"
"2332","19.132394","fe80::c30c:0:0:2","fe80::c30c:0:0:b","ICMPv6","76","RPL Control (Destination Advertisement Object)"
"2333","19.134691","fe80::c30c:0:0:6","fe80::c30c:0:0:7","ICMPv6","76","RPL Control (Destination Advertisement Object)"
"2334","19.135721","fe80::c30c:0:0:2","fe80::c30c:0:0:b","ICMPv6","76","RPL Control (Destination Advertisement Object)"
"2335","19.138018","fe80::c30c:0:0:6","fe80::c30c:0:0:7","ICMPv6","76","RPL Control (Destination Advertisement Object)"
"2336","19.139046","fe80::c30c:0:0:2","fe80::c30c:0:0:b","ICMPv6","76","RPL Control (Destination Advertisement Object)"
"2337","19.141315","fe80::c30c:0:0:6","fe80::c30c:0:0:7","ICMPv6","76","RPL Control (Destination Advertisement Object)"
"2338","19.142372","fe80::c30c:0:0:2","fe80::c30c:0:0:b","ICMPv6","76","RPL Control (Destination Advertisement Object)"
"2339","19.144679","fe80::c30c:0:0:6","fe80::c30c:0:0:7","ICMPv6","76","RPL Control (Destination Advertisement Object)"
"2340","19.145669","fe80::c30c:0:0:2","fe80::c30c:0:0:b","ICMPv6","76","RPL Control (Destination Advertisement Object)"
"2341","19.147998","fe80::c30c:0:0:6","fe80::c30c:0:0:7","ICMPv6","76","RPL Control (Destination Advertisement Object)"
"2342","19.148994","fe80::c30c:0:0:2","fe80::c30c:0:0:b","ICMPv6","76","RPL Control (Destination Advertisement Object)"
"2343","19.151325","fe80::c30c:0:0:6","fe80::c30c:0:0:7","ICMPv6","76","RPL Control (Destination Advertisement Object)"
"2344","19.152291","fe80::c30c:0:0:2","fe80::c30c:0:0:b","ICMPv6","76","RPL Control (Destination Advertisement Object)"
"2345","19.154650","fe80::c30c:0:0:6","fe80::c30c:0:0:7","ICMPv6","76","RPL Control (Destination Advertisement Object)"
"2346","19.155617","fe80::c30c:0:0:2","fe80::c30c:0:0:b","ICMPv6","76","RPL Control (Destination Advertisement Object)"
"2347","19.157978","fe80::c30c:0:0:6","fe80::c30c:0:0:7","ICMPv6","76","RPL Control (Destination Advertisement Object)"
"2348","19.158944","fe80::c30c:0:0:2","fe80::c30c:0:0:b","ICMPv6","76","RPL Control (Destination Advertisement Object)"
"2349","19.161304","fe80::c30c:0:0:6","fe80::c30c:0:0:7","ICMPv6","76","RPL Control (Destination Advertisement Object)"
"2350","19.162271","fe80::c30c:0:0:2","fe80::c30c:0:0:b","ICMPv6","76","RPL Control (Destination Advertisement Object)"
"2351","19.164630","fe80::c30c:0:0:6","fe80::c30c:0:0:7","ICMPv6","76","RPL Control (Destination Advertisement Object)"
"2352","19.165596","fe80::c30c:0:0:2","fe80::c30c:0:0:b","ICMPv6","76","RPL Control (Destination Advertisement Object)"
"2353","19.167957","fe80::c30c:0:0:6","fe80::c30c:0:0:7","ICMPv6","76","RPL Control (Destination Advertisement Object)"
"2354","19.168893","fe80::c30c:0:0:2","fe80::c30c:0:0:b","ICMPv6","76","RPL Control (Destination Advertisement Object)"
"2355","19.171282","fe80::c30c:0:0:6","fe80::c30c:0:0:7","ICMPv6","76","RPL Control (Destination Advertisement Object)"
"2356","19.172218","fe80::c30c:0:0:2","fe80::c30c:0:0:b","ICMPv6","76","RPL Control (Destination Advertisement Object)"
"2357","19.174579","fe80::c30c:0:0:6","fe80::c30c:0:0:7","ICMPv6","76","RPL Control (Destination Advertisement Object)"
"2358","19.175546","fe80::c30c:0:0:2","fe80::c30c:0:0:b","ICMPv6","76","RPL Control (Destination Advertisement Object)"
"2359","19.177904","fe80::c30c:0:0:6","fe80::c30c:0:0:7","ICMPv6","76","RPL Control (Destination Advertisement Object)"
"2360","19.178871","fe80::c30c:0:0:2","fe80::c30c:0:0:b","ICMPv6","76","RPL Control (Destination Advertisement Object)"
"2361","19.181232","fe80::c30c:0:0:6","fe80::c30c:0:0:7","ICMPv6","76","RPL Control (Destination Advertisement Object)"
"2362","19.182168","fe80::c30c:0:0:2","fe80::c30c:0:0:b","ICMPv6","76","RPL Control (Destination Advertisement Object)"
"2363","19.184559","fe80::c30c:0:0:6","fe80::c30c:0:0:7","ICMPv6","76","RPL Control (Destination Advertisement Object)"
"2364","19.185493","fe80::c30c:0:0:2","fe80::c30c:0:0:b","ICMPv6","76","RPL Control (Destination Advertisement Object)"
"2365","19.188821","fe80::c30c:0:0:2","fe80::c30c:0:0:b","ICMPv6","76","RPL Control (Destination Advertisement Object)"
"2366","19.192147","fe80::c30c:0:0:2","fe80::c30c:0:0:b","ICMPv6","76","RPL Control (Destination Advertisement Object)"
"2367","19.194990","","","IEEE 802.15.4","5","Ack"
"2368","19.195313","fe80::c30c:0:0:6","fe80::c30c:0:0:7","ICMPv6","76","RPL Control (Destination Advertisement Object)"
"2369","19.198627","fe80::c30c:0:0:6","fe80::c30c:0:0:7","ICMPv6","76","RPL Control (Destination Advertisement Object)"
"2370","19.201954","fe80::c30c:0:0:6","fe80::c30c:0:0:7","ICMPv6","76","RPL Control (Destination Advertisement Object)"
"2371","19.205280","fe80::c30c:0:0:6","fe80::c30c:0:0:7","ICMPv6","76","RPL Control (Destination Advertisement Object)"
"2372","19.208606","fe80::c30c:0:0:6","fe80::c30c:0:0:7","ICMPv6","76","RPL Control (Destination Advertisement Object)"
"2373","19.211933","fe80::c30c:0:0:6","fe80::c30c:0:0:7","ICMPv6","76","RPL Control (Destination Advertisement Object)"
"2374","19.215258","fe80::c30c:0:0:6","fe80::c30c:0:0:7","ICMPv6","76","RPL Control (Destination Advertisement Object)"
"2375","19.218584","fe80::c30c:0:0:6","fe80::c30c:0:0:7","ICMPv6","76","RPL Control (Destination Advertisement Object)"
"2376","19.221912","fe80::c30c:0:0:6","fe80::c30c:0:0:7","ICMPv6","76","RPL Control (Destination Advertisement Object)"
"2377","19.225237","fe80::c30c:0:0:6","fe80::c30c:0:0:7","ICMPv6","76","RPL Control (Destination Advertisement Object)"
"2378","19.228565","fe80::c30c:0:0:6","fe80::c30c:0:0:7","ICMPv6","76","RPL Control (Destination Advertisement Object)"
"2379","19.229500","fe80::c30c:0:0:b","fe80::c30c:0:0:1","ICMPv6","76","RPL Control (Destination Advertisement Object)"
"2380","19.231891","fe80::c30c:0:0:6","fe80::c30c:0:0:7","ICMPv6","76","RPL Control (Destination Advertisement Object)"
"2381","19.232821","fe80::c30c:0:0:b","fe80::c30c:0:0:1","ICMPv6","76","RPL Control (Destination Advertisement Object)"
"2382","19.235217","fe80::c30c:0:0:6","fe80::c30c:0:0:7","ICMPv6","76","RPL Control (Destination Advertisement Object)"
"2383","19.236148","fe80::c30c:0:0:b","fe80::c30c:0:0:1","ICMPv6","76","RPL Control (Destination Advertisement Object)"
"2384","19.238544","fe80::c30c:0:0:6","fe80::c30c:0:0:7","ICMPv6","76","RPL Control (Destination Advertisement Object)"
"2385","19.239473","fe80::c30c:0:0:b","fe80::c30c:0:0:1","ICMPv6","76","RPL Control (Destination Advertisement Object)"
"2386","19.241870","fe80::c30c:0:0:6","fe80::c30c:0:0:7","ICMPv6","76","RPL Control (Destination Advertisement Object)"
"2387","19.242801","fe80::c30c:0:0:b","fe80::c30c:0:0:1","ICMPv6","76","RPL Control (Destination Advertisement Object)"
"2388","19.245197","fe80::c30c:0:0:6","fe80::c30c:0:0:7","ICMPv6","76","RPL Control (Destination Advertisement Object)"
"2389","19.246127","fe80::c30c:0:0:b","fe80::c30c:0:0:1","ICMPv6","76","RPL Control (Destination Advertisement Object)"
"2390","19.248522","fe80::c30c:0:0:6","fe80::c30c:0:0:7","ICMPv6","76","RPL Control (Destination Advertisement Object)"
"2391","19.249453","fe80::c30c:0:0:b","fe80::c30c:0:0:1","ICMPv6","76","RPL Control (Destination Advertisement Object)"
"2392","19.251848","fe80::c30c:0:0:6","fe80::c30c:0:0:7","ICMPv6","76","RPL Control (Destination Advertisement Object)"
"2393","19.252780","fe80::c30c:0:0:b","fe80::c30c:0:0:1","ICMPv6","76","RPL Control (Destination Advertisement Object)"
"2394","19.255174","fe80::c30c:0:0:6","fe80::c30c:0:0:7","ICMPv6","76","RPL Control (Destination Advertisement Object)"
"2395","19.256107","fe80::c30c:0:0:b","fe80::c30c:0:0:1","ICMPv6","76","RPL Control (Destination Advertisement Object)"
"2396","19.258472","fe80::c30c:0:0:6","fe80::c30c:0:0:7","ICMPv6","76","RPL Control (Destination Advertisement Object)"
"2397","19.259432","fe80::c30c:0:0:b","fe80::c30c:0:0:1","ICMPv6","76","RPL Control (Destination Advertisement Object)"
"2398","19.261835","fe80::c30c:0:0:6","fe80::c30c:0:0:7","ICMPv6","76","RPL Control (Destination Advertisement Object)"
"2399","19.262760","fe80::c30c:0:0:b","fe80::c30c:0:0:1","ICMPv6","76","RPL Control (Destination Advertisement Object)"
"2400","19.265154","fe80::c30c:0:0:6","fe80::c30c:0:0:7","ICMPv6","76","RPL Control (Destination Advertisement Object)"
"2401","19.266086","fe80::c30c:0:0:b","fe80::c30c:0:0:1","ICMPv6","76","RPL Control (Destination Advertisement Object)"
"2402","19.268450","fe80::c30c:0:0:6","fe80::c30c:0:0:7","ICMPv6","76","RPL Control (Destination Advertisement Object)"
"2403","19.269411","fe80::c30c:0:0:b","fe80::c30c:0:0:1","ICMPv6","76","RPL Control (Destination Advertisement Object)"
"2404","19.271776","fe80::c30c:0:0:6","fe80::c30c:0:0:7","ICMPv6","76","RPL Control (Destination Advertisement Object)"
"2405","19.272739","fe80::c30c:0:0:b","fe80::c30c:0:0:1","ICMPv6","76","RPL Control (Destination Advertisement Object)"
"2406","19.275104","fe80::c30c:0:0:6","fe80::c30c:0:0:7","ICMPv6","76","RPL Control (Destination Advertisement Object)"
"2407","19.276065","fe80::c30c:0:0:b","fe80::c30c:0:0:1","ICMPv6","76","RPL Control (Destination Advertisement Object)"
"2408","19.278429","fe80::c30c:0:0:6","fe80::c30c:0:0:7","ICMPv6","76","RPL Control (Destination Advertisement Object)"
"2409","19.279392","fe80::c30c:0:0:b","fe80::c30c:0:0:1","ICMPv6","76","RPL Control (Destination Advertisement Object)"
"2410","19.281757","fe80::c30c:0:0:6","fe80::c30c:0:0:7","ICMPv6","76","RPL Control (Destination Advertisement Object)"
"2411","19.282718","fe80::c30c:0:0:b","fe80::c30c:0:0:1","ICMPv6","76","RPL Control (Destination Advertisement Object)"
"2412","19.285083","fe80::c30c:0:0:6","fe80::c30c:0:0:7","ICMPv6","76","RPL Control (Destination Advertisement Object)"
"2413","19.286043","fe80::c30c:0:0:b","fe80::c30c:0:0:1","ICMPv6","76","RPL Control (Destination Advertisement Object)"
"2414","19.288409","fe80::c30c:0:0:6","fe80::c30c:0:0:7","ICMPv6","76","RPL Control (Destination Advertisement Object)"
"2415","19.289340","fe80::c30c:0:0:b","fe80::c30c:0:0:1","ICMPv6","76","RPL Control (Destination Advertisement Object)"
"2416","19.291735","fe80::c30c:0:0:6","fe80::c30c:0:0:7","ICMPv6","76","RPL Control (Destination Advertisement Object)"
"2417","19.292667","fe80::c30c:0:0:b","fe80::c30c:0:0:1","ICMPv6","76","RPL Control (Destination Advertisement Object)"
"2418","19.295063","fe80::c30c:0:0:6","fe80::c30c:0:0:7","ICMPv6","76","RPL Control (Destination Advertisement Object)"
"2419","19.295992","fe80::c30c:0:0:b","fe80::c30c:0:0:1","ICMPv6","76","RPL Control (Destination Advertisement Object)"
"2420","19.298389","fe80::c30c:0:0:6","fe80::c30c:0:0:7","ICMPv6","76","RPL Control (Destination Advertisement Object)"
"2421","19.299320","fe80::c30c:0:0:b","fe80::c30c:0:0:1","ICMPv6","76","RPL Control (Destination Advertisement Object)"
"2422","19.301714","fe80::c30c:0:0:6","fe80::c30c:0:0:7","ICMPv6","76","RPL Control (Destination Advertisement Object)"
"2423","19.302646","fe80::c30c:0:0:b","fe80::c30c:0:0:1","ICMPv6","76","RPL Control (Destination Advertisement Object)"
"2424","19.305042","fe80::c30c:0:0:6","fe80::c30c:0:0:7","ICMPv6","76","RPL Control (Destination Advertisement Object)"
"2425","19.305971","fe80::c30c:0:0:b","fe80::c30c:0:0:1","ICMPv6","76","RPL Control (Destination Advertisement Object)"
"2426","19.308366","fe80::c30c:0:0:6","fe80::c30c:0:0:7","ICMPv6","76","RPL Control (Destination Advertisement Object)"
"2427","19.309267","fe80::c30c:0:0:b","fe80::c30c:0:0:1","ICMPv6","76","RPL Control (Destination Advertisement Object)"
"2428","19.311664","fe80::c30c:0:0:6","fe80::c30c:0:0:7","ICMPv6","76","RPL Control (Destination Advertisement Object)"
"2429","19.312595","fe80::c30c:0:0:b","fe80::c30c:0:0:1","ICMPv6","76","RPL Control (Destination Advertisement Object)"
"2430","19.314989","fe80::c30c:0:0:6","fe80::c30c:0:0:7","ICMPv6","76","RPL Control (Destination Advertisement Object)"
"2431","19.315920","fe80::c30c:0:0:b","fe80::c30c:0:0:1","ICMPv6","76","RPL Control (Destination Advertisement Object)"
"2432","19.318317","fe80::c30c:0:0:6","fe80::c30c:0:0:7","ICMPv6","76","RPL Control (Destination Advertisement Object)"
"2433","19.319277","fe80::c30c:0:0:b","fe80::c30c:0:0:1","ICMPv6","76","RPL Control (Destination Advertisement Object)"
"2434","19.321643","fe80::c30c:0:0:6","fe80::c30c:0:0:7","ICMPv6","76","RPL Control (Destination Advertisement Object)"
"2435","19.322605","fe80::c30c:0:0:b","fe80::c30c:0:0:1","ICMPv6","76","RPL Control (Destination Advertisement Object)"
"2436","19.325929","fe80::c30c:0:0:b","fe80::c30c:0:0:1","ICMPv6","76","RPL Control (Destination Advertisement Object)"
"2437","19.329225","fe80::c30c:0:0:b","fe80::c30c:0:0:1","ICMPv6","76","RPL Control (Destination Advertisement Object)"
"2438","19.331971","fe80::c30c:0:0:6","fe80::c30c:0:0:7","ICMPv6","76","RPL Control (Destination Advertisement Object)"
"2439","19.332521","fe80::c30c:0:0:b","fe80::c30c:0:0:1","ICMPv6","76","RPL Control (Destination Advertisement Object)"
"2440","19.335285","fe80::c30c:0:0:6","fe80::c30c:0:0:7","ICMPv6","76","RPL Control (Destination Advertisement Object)"
"2441","19.335849","fe80::c30c:0:0:b","fe80::c30c:0:0:1","ICMPv6","76","RPL Control (Destination Advertisement Object)"
"2442","19.338611","fe80::c30c:0:0:6","fe80::c30c:0:0:7","ICMPv6","76","RPL Control (Destination Advertisement Object)"
"2443","19.339176","fe80::c30c:0:0:b","fe80::c30c:0:0:1","ICMPv6","76","RPL Control (Destination Advertisement Object)"
"2444","19.341938","fe80::c30c:0:0:6","fe80::c30c:0:0:7","ICMPv6","76","RPL Control (Destination Advertisement Object)"
"2445","19.342501","fe80::c30c:0:0:b","fe80::c30c:0:0:1","ICMPv6","76","RPL Control (Destination Advertisement Object)"
"2446","19.345263","fe80::c30c:0:0:6","fe80::c30c:0:0:7","ICMPv6","76","RPL Control (Destination Advertisement Object)"
"2447","19.345797","fe80::c30c:0:0:b","fe80::c30c:0:0:1","ICMPv6","76","RPL Control (Destination Advertisement Object)"
"2448","19.348591","fe80::c30c:0:0:6","fe80::c30c:0:0:7","ICMPv6","76","RPL Control (Destination Advertisement Object)"
"2449","19.349124","fe80::c30c:0:0:b","fe80::c30c:0:0:1","ICMPv6","76","RPL Control (Destination Advertisement Object)"
"2450","19.351917","fe80::c30c:0:0:6","fe80::c30c:0:0:7","ICMPv6","76","RPL Control (Destination Advertisement Object)"
"2451","19.352449","fe80::c30c:0:0:b","fe80::c30c:0:0:1","ICMPv6","76","RPL Control (Destination Advertisement Object)"
"2452","19.355243","fe80::c30c:0:0:6","fe80::c30c:0:0:7","ICMPv6","76","RPL Control (Destination Advertisement Object)"
"2453","19.355745","fe80::c30c:0:0:b","fe80::c30c:0:0:1","ICMPv6","76","RPL Control (Destination Advertisement Object)"
"2454","19.358570","fe80::c30c:0:0:6","fe80::c30c:0:0:7","ICMPv6","76","RPL Control (Destination Advertisement Object)"
"2455","19.361894","fe80::c30c:0:0:6","fe80::c30c:0:0:7","ICMPv6","76","RPL Control (Destination Advertisement Object)"
"2456","19.365222","fe80::c30c:0:0:6","fe80::c30c:0:0:7","ICMPv6","76","RPL Control (Destination Advertisement Object)"
"2457","19.365978","fe80::c30c:0:0:b","fe80::c30c:0:0:1","ICMPv6","76","RPL Control (Destination Advertisement Object)"
"2458","19.368549","fe80::c30c:0:0:6","fe80::c30c:0:0:7","ICMPv6","76","RPL Control (Destination Advertisement Object)"
"2459","19.369296","fe80::c30c:0:0:b","fe80::c30c:0:0:1","ICMPv6","76","RPL Control (Destination Advertisement Object)"
"2460","19.371874","fe80::c30c:0:0:6","fe80::c30c:0:0:7","ICMPv6","76","RPL Control (Destination Advertisement Object)"
"2461","19.372623","fe80::c30c:0:0:b","fe80::c30c:0:0:1","ICMPv6","76","RPL Control (Destination Advertisement Object)"
"2462","19.375202","fe80::c30c:0:0:6","fe80::c30c:0:0:7","ICMPv6","76","RPL Control (Destination Advertisement Object)"
"2463","19.375948","fe80::c30c:0:0:b","fe80::c30c:0:0:1","ICMPv6","76","RPL Control (Destination Advertisement Object)"
"2464","19.378528","fe80::c30c:0:0:6","fe80::c30c:0:0:7","ICMPv6","76","RPL Control (Destination Advertisement Object)"
"2465","19.379276","fe80::c30c:0:0:b","fe80::c30c:0:0:1","ICMPv6","76","RPL Control (Destination Advertisement Object)"
"2466","19.381853","fe80::c30c:0:0:6","fe80::c30c:0:0:7","ICMPv6","76","RPL Control (Destination Advertisement Object)"
"2467","19.382601","fe80::c30c:0:0:b","fe80::c30c:0:0:1","ICMPv6","76","RPL Control (Destination Advertisement Object)"
"2468","19.385181","fe80::c30c:0:0:6","fe80::c30c:0:0:7","ICMPv6","76","RPL Control (Destination Advertisement Object)"
"2469","19.385927","fe80::c30c:0:0:b","fe80::c30c:0:0:1","ICMPv6","76","RPL Control (Destination Advertisement Object)"
"2470","19.388507","fe80::c30c:0:0:6","fe80::c30c:0:0:7","ICMPv6","76","RPL Control (Destination Advertisement Object)"
"2471","19.389255","fe80::c30c:0:0:b","fe80::c30c:0:0:1","ICMPv6","76","RPL Control (Destination Advertisement Object)"
"2472","19.391832","fe80::c30c:0:0:6","fe80::c30c:0:0:7","ICMPv6","76","RPL Control (Destination Advertisement Object)"
"2473","19.392581","fe80::c30c:0:0:b","fe80::c30c:0:0:1","ICMPv6","76","RPL Control (Destination Advertisement Object)"
"2474","19.395159","fe80::c30c:0:0:6","fe80::c30c:0:0:7","ICMPv6","76","RPL Control (Destination Advertisement Object)"
"2475","19.395906","fe80::c30c:0:0:b","fe80::c30c:0:0:1","ICMPv6","76","RPL Control (Destination Advertisement Object)"
"2476","19.398455","fe80::c30c:0:0:6","fe80::c30c:0:0:7","ICMPv6","76","RPL Control (Destination Advertisement Object)"
"2477","19.399234","fe80::c30c:0:0:b","fe80::c30c:0:0:1","ICMPv6","76","RPL Control (Destination Advertisement Object)"
"2478","19.401783","fe80::c30c:0:0:6","fe80::c30c:0:0:7","ICMPv6","76","RPL Control (Destination Advertisement Object)"
"2479","19.402559","fe80::c30c:0:0:b","fe80::c30c:0:0:1","ICMPv6","76","RPL Control (Destination Advertisement Object)"
"2480","19.405108","fe80::c30c:0:0:6","fe80::c30c:0:0:7","ICMPv6","76","RPL Control (Destination Advertisement Object)"
"2481","19.405887","fe80::c30c:0:0:b","fe80::c30c:0:0:1","ICMPv6","76","RPL Control (Destination Advertisement Object)"
"2482","19.408435","fe80::c30c:0:0:6","fe80::c30c:0:0:7","ICMPv6","76","RPL Control (Destination Advertisement Object)"
"2483","19.409213","fe80::c30c:0:0:b","fe80::c30c:0:0:1","ICMPv6","76","RPL Control (Destination Advertisement Object)"
"2484","19.411762","fe80::c30c:0:0:6","fe80::c30c:0:0:7","ICMPv6","76","RPL Control (Destination Advertisement Object)"
"2485","19.412576","fe80::c30c:0:0:b","fe80::c30c:0:0:1","ICMPv6","76","RPL Control (Destination Advertisement Object)"
"2486","19.415086","fe80::c30c:0:0:6","fe80::c30c:0:0:7","ICMPv6","76","RPL Control (Destination Advertisement Object)"
"2487","19.415896","fe80::c30c:0:0:b","fe80::c30c:0:0:1","ICMPv6","76","RPL Control (Destination Advertisement Object)"
"2488","19.418383","fe80::c30c:0:0:6","fe80::c30c:0:0:7","ICMPv6","76","RPL Control (Destination Advertisement Object)"
"2489","19.419192","fe80::c30c:0:0:b","fe80::c30c:0:0:1","ICMPv6","76","RPL Control (Destination Advertisement Object)"
"2490","19.421709","fe80::c30c:0:0:6","fe80::c30c:0:0:7","ICMPv6","76","RPL Control (Destination Advertisement Object)"
"2491","19.422518","fe80::c30c:0:0:b","fe80::c30c:0:0:1","ICMPv6","76","RPL Control (Destination Advertisement Object)"
"2492","19.425037","fe80::c30c:0:0:6","fe80::c30c:0:0:7","ICMPv6","76","RPL Control (Destination Advertisement Object)"
"2493","19.425846","fe80::c30c:0:0:b","fe80::c30c:0:0:1","ICMPv6","76","RPL Control (Destination Advertisement Object)"
"2494","19.428362","fe80::c30c:0:0:6","fe80::c30c:0:0:7","ICMPv6","76","RPL Control (Destination Advertisement Object)"
"2495","19.429171","fe80::c30c:0:0:b","fe80::c30c:0:0:1","ICMPv6","76","RPL Control (Destination Advertisement Object)"
"2496","19.431690","fe80::c30c:0:0:6","fe80::c30c:0:0:7","ICMPv6","76","RPL Control (Destination Advertisement Object)"
"2497","19.432499","fe80::c30c:0:0:b","fe80::c30c:0:0:1","ICMPv6","76","RPL Control (Destination Advertisement Object)"
"2498","19.435016","fe80::c30c:0:0:6","fe80::c30c:0:0:7","ICMPv6","76","RPL Control (Destination Advertisement Object)"
"2499","19.435825","fe80::c30c:0:0:b","fe80::c30c:0:0:1","ICMPv6","76","RPL Control (Destination Advertisement Object)"
"2500","19.438342","fe80::c30c:0:0:6","fe80::c30c:0:0:7","ICMPv6","76","RPL Control (Destination Advertisement Object)"
"2501","19.439151","fe80::c30c:0:0:b","fe80::c30c:0:0:1","ICMPv6","76","RPL Control (Destination Advertisement Object)"
"2502","19.441669","fe80::c30c:0:0:6","fe80::c30c:0:0:7","ICMPv6","76","RPL Control (Destination Advertisement Object)"
"2503","19.442476","fe80::c30c:0:0:b","fe80::c30c:0:0:1","ICMPv6","76","RPL Control (Destination Advertisement Object)"
"2504","19.444995","fe80::c30c:0:0:6","fe80::c30c:0:0:7","ICMPv6","76","RPL Control (Destination Advertisement Object)"
"2505","19.445804","fe80::c30c:0:0:b","fe80::c30c:0:0:1","ICMPv6","76","RPL Control (Destination Advertisement Object)"
"2506","19.448322","fe80::c30c:0:0:6","fe80::c30c:0:0:7","ICMPv6","76","RPL Control (Destination Advertisement Object)"
"2507","19.449130","fe80::c30c:0:0:b","fe80::c30c:0:0:1","ICMPv6","76","RPL Control (Destination Advertisement Object)"
"2508","19.451647","fe80::c30c:0:0:6","fe80::c30c:0:0:7","ICMPv6","76","RPL Control (Destination Advertisement Object)"
"2509","19.452456","fe80::c30c:0:0:b","fe80::c30c:0:0:1","ICMPv6","76","RPL Control (Destination Advertisement Object)"
"2510","19.454974","fe80::c30c:0:0:6","fe80::c30c:0:0:7","ICMPv6","76","RPL Control (Destination Advertisement Object)"
"2511","19.455783","fe80::c30c:0:0:b","fe80::c30c:0:0:1","ICMPv6","76","RPL Control (Destination Advertisement Object)"
"2512","19.458299","fe80::c30c:0:0:6","fe80::c30c:0:0:7","ICMPv6","76","RPL Control (Destination Advertisement Object)"
"2513","19.459108","fe80::c30c:0:0:b","fe80::c30c:0:0:1","ICMPv6","76","RPL Control (Destination Advertisement Object)"
"2514","19.462405","fe80::c30c:0:0:b","fe80::c30c:0:0:1","ICMPv6","76","RPL Control (Destination Advertisement Object)"
"2515","19.465730","fe80::c30c:0:0:b","fe80::c30c:0:0:1","ICMPv6","76","RPL Control (Destination Advertisement Object)"
"2516","19.468629","fe80::c30c:0:0:6","fe80::c30c:0:0:7","ICMPv6","76","RPL Control (Destination Advertisement Object)"
"2517","19.469058","fe80::c30c:0:0:b","fe80::c30c:0:0:1","ICMPv6","76","RPL Control (Destination Advertisement Object)"
"2518","19.471942","fe80::c30c:0:0:6","fe80::c30c:0:0:7","ICMPv6","76","RPL Control (Destination Advertisement Object)"
"2519","19.472385","fe80::c30c:0:0:b","fe80::c30c:0:0:1","ICMPv6","76","RPL Control (Destination Advertisement Object)"
"2520","19.475267","fe80::c30c:0:0:6","fe80::c30c:0:0:7","ICMPv6","76","RPL Control (Destination Advertisement Object)"
"2521","19.475711","fe80::c30c:0:0:b","fe80::c30c:0:0:1","ICMPv6","76","RPL Control (Destination Advertisement Object)"
"2522","19.478594","fe80::c30c:0:0:6","fe80::c30c:0:0:7","ICMPv6","76","RPL Control (Destination Advertisement Object)"
"2523","19.479038","fe80::c30c:0:0:b","fe80::c30c:0:0:1","ICMPv6","76","RPL Control (Destination Advertisement Object)"
"2524","19.481922","fe80::c30c:0:0:6","fe80::c30c:0:0:7","ICMPv6","76","RPL Control (Destination Advertisement Object)"
"2525","19.482364","fe80::c30c:0:0:b","fe80::c30c:0:0:1","ICMPv6","76","RPL Control (Destination Advertisement Object)"
"2526","19.485248","fe80::c30c:0:0:6","fe80::c30c:0:0:7","ICMPv6","76","RPL Control (Destination Advertisement Object)"
"2527","19.485690","fe80::c30c:0:0:b","fe80::c30c:0:0:1","ICMPv6","76","RPL Control (Destination Advertisement Object)"
"2528","19.488573","fe80::c30c:0:0:6","fe80::c30c:0:0:7","ICMPv6","76","RPL Control (Destination Advertisement Object)"
"2529","19.489016","fe80::c30c:0:0:b","fe80::c30c:0:0:1","ICMPv6","76","RPL Control (Destination Advertisement Object)"
"2530","19.491901","fe80::c30c:0:0:6","fe80::c30c:0:0:7","ICMPv6","76","RPL Control (Destination Advertisement Object)"
"2531","19.492342","fe80::c30c:0:0:b","fe80::c30c:0:0:1","ICMPv6","76","RPL Control (Destination Advertisement Object)"
"2532","19.495227","fe80::c30c:0:0:6","fe80::c30c:0:0:7","ICMPv6","76","RPL Control (Destination Advertisement Object)"
"2533","19.498552","fe80::c30c:0:0:6","fe80::c30c:0:0:7","ICMPv6","76","RPL Control (Destination Advertisement Object)"
"2534","19.501879","fe80::c30c:0:0:6","fe80::c30c:0:0:7","ICMPv6","76","RPL Control (Destination Advertisement Object)"
"2535","19.502671","fe80::c30c:0:0:b","fe80::c30c:0:0:1","ICMPv6","76","RPL Control (Destination Advertisement Object)"
"2536","19.505205","fe80::c30c:0:0:6","fe80::c30c:0:0:7","ICMPv6","76","RPL Control (Destination Advertisement Object)"
"2537","19.505985","fe80::c30c:0:0:b","fe80::c30c:0:0:1","ICMPv6","76","RPL Control (Destination Advertisement Object)"
"2538","19.508502","fe80::c30c:0:0:6","fe80::c30c:0:0:7","ICMPv6","76","RPL Control (Destination Advertisement Object)"
"2539","19.509311","fe80::c30c:0:0:b","fe80::c30c:0:0:1","ICMPv6","76","RPL Control (Destination Advertisement Object)"
"2540","19.511865","fe80::c30c:0:0:6","fe80::c30c:0:0:7","ICMPv6","76","RPL Control (Destination Advertisement Object)"
"2541","19.512636","fe80::c30c:0:0:b","fe80::c30c:0:0:1","ICMPv6","76","RPL Control (Destination Advertisement Object)"
"2542","19.515185","fe80::c30c:0:0:6","fe80::c30c:0:0:7","ICMPv6","76","RPL Control (Destination Advertisement Object)"
"2543","19.515963","fe80::c30c:0:0:b","fe80::c30c:0:0:1","ICMPv6","76","RPL Control (Destination Advertisement Object)"
"2544","19.518481","fe80::c30c:0:0:6","fe80::c30c:0:0:7","ICMPv6","76","RPL Control (Destination Advertisement Object)"
"2545","19.519290","fe80::c30c:0:0:b","fe80::c30c:0:0:1","ICMPv6","76","RPL Control (Destination Advertisement Object)"
"2546","19.521808","fe80::c30c:0:0:6","fe80::c30c:0:0:7","ICMPv6","76","RPL Control (Destination Advertisement Object)"
"2547","19.522615","fe80::c30c:0:0:b","fe80::c30c:0:0:1","ICMPv6","76","RPL Control (Destination Advertisement Object)"
"2548","19.525134","fe80::c30c:0:0:6","fe80::c30c:0:0:7","ICMPv6","76","RPL Control (Destination Advertisement Object)"
"2549","19.525943","fe80::c30c:0:0:b","fe80::c30c:0:0:1","ICMPv6","76","RPL Control (Destination Advertisement Object)"
"2550","19.528460","fe80::c30c:0:0:6","fe80::c30c:0:0:7","ICMPv6","76","RPL Control (Destination Advertisement Object)"
"2551","19.529269","fe80::c30c:0:0:b","fe80::c30c:0:0:1","ICMPv6","76","RPL Control (Destination Advertisement Object)"
"2552","19.531788","fe80::c30c:0:0:6","fe80::c30c:0:0:7","ICMPv6","76","RPL Control (Destination Advertisement Object)"
"2553","19.532596","fe80::c30c:0:0:b","fe80::c30c:0:0:1","ICMPv6","76","RPL Control (Destination Advertisement Object)"
"2554","19.535114","fe80::c30c:0:0:6","fe80::c30c:0:0:7","ICMPv6","76","RPL Control (Destination Advertisement Object)"
"2555","19.535922","fe80::c30c:0:0:b","fe80::c30c:0:0:1","ICMPv6","76","RPL Control (Destination Advertisement Object)"
"2556","19.538440","fe80::c30c:0:0:6","fe80::c30c:0:0:7","ICMPv6","76","RPL Control (Destination Advertisement Object)"
"2557","19.539249","fe80::c30c:0:0:b","fe80::c30c:0:0:1","ICMPv6","76","RPL Control (Destination Advertisement Object)"
"2558","19.541765","fe80::c30c:0:0:6","fe80::c30c:0:0:7","ICMPv6","76","RPL Control (Destination Advertisement Object)"
"2559","19.542574","fe80::c30c:0:0:b","fe80::c30c:0:0:1","ICMPv6","76","RPL Control (Destination Advertisement Object)"
"2560","19.545093","fe80::c30c:0:0:6","fe80::c30c:0:0:7","ICMPv6","76","RPL Control (Destination Advertisement Object)"
"2561","19.545900","fe80::c30c:0:0:b","fe80::c30c:0:0:1","ICMPv6","76","RPL Control (Destination Advertisement Object)"
"2562","19.548419","fe80::c30c:0:0:6","fe80::c30c:0:0:7","ICMPv6","76","RPL Control (Destination Advertisement Object)"
"2563","19.549196","fe80::c30c:0:0:b","fe80::c30c:0:0:1","ICMPv6","76","RPL Control (Destination Advertisement Object)"
"2564","19.551745","fe80::c30c:0:0:6","fe80::c30c:0:0:7","ICMPv6","76","RPL Control (Destination Advertisement Object)"
"2565","19.552524","fe80::c30c:0:0:b","fe80::c30c:0:0:1","ICMPv6","76","RPL Control (Destination Advertisement Object)"
"2566","19.555072","fe80::c30c:0:0:6","fe80::c30c:0:0:7","ICMPv6","76","RPL Control (Destination Advertisement Object)"
"2567","19.555849","fe80::c30c:0:0:b","fe80::c30c:0:0:1","ICMPv6","76","RPL Control (Destination Advertisement Object)"
"2568","19.558397","fe80::c30c:0:0:6","fe80::c30c:0:0:7","ICMPv6","76","RPL Control (Destination Advertisement Object)"
"2569","19.559177","fe80::c30c:0:0:b","fe80::c30c:0:0:1","ICMPv6","76","RPL Control (Destination Advertisement Object)"
"2570","19.561724","fe80::c30c:0:0:6","fe80::c30c:0:0:7","ICMPv6","76","RPL Control (Destination Advertisement Object)"
"2571","19.562503","fe80::c30c:0:0:b","fe80::c30c:0:0:1","ICMPv6","76","RPL Control (Destination Advertisement Object)"
"2572","19.565052","fe80::c30c:0:0:6","fe80::c30c:0:0:7","ICMPv6","76","RPL Control (Destination Advertisement Object)"
"2573","19.565829","fe80::c30c:0:0:b","fe80::c30c:0:0:1","ICMPv6","76","RPL Control (Destination Advertisement Object)"
"2574","19.568377","fe80::c30c:0:0:6","fe80::c30c:0:0:7","ICMPv6","76","RPL Control (Destination Advertisement Object)"
"2575","19.569156","fe80::c30c:0:0:b","fe80::c30c:0:0:1","ICMPv6","76","RPL Control (Destination Advertisement Object)"
"2576","19.571673","fe80::c30c:0:0:6","fe80::c30c:0:0:7","ICMPv6","76","RPL Control (Destination Advertisement Object)"
"2577","19.572482","fe80::c30c:0:0:b","fe80::c30c:0:0:1","ICMPv6","76","RPL Control (Destination Advertisement Object)"
"2578","19.575000","fe80::c30c:0:0:6","fe80::c30c:0:0:7","ICMPv6","76","RPL Control (Destination Advertisement Object)"
"2579","19.575807","fe80::c30c:0:0:b","fe80::c30c:0:0:1","ICMPv6","76","RPL Control (Destination Advertisement Object)"
"2580","19.578327","fe80::c30c:0:0:6","fe80::c30c:0:0:7","ICMPv6","76","RPL Control (Destination Advertisement Object)"
"2581","19.579135","fe80::c30c:0:0:b","fe80::c30c:0:0:1","ICMPv6","76","RPL Control (Destination Advertisement Object)"
"2582","19.581653","fe80::c30c:0:0:6","fe80::c30c:0:0:7","ICMPv6","76","RPL Control (Destination Advertisement Object)"
"2583","19.582461","fe80::c30c:0:0:b","fe80::c30c:0:0:1","ICMPv6","76","RPL Control (Destination Advertisement Object)"
"2584","19.584980","fe80::c30c:0:0:6","fe80::c30c:0:0:7","ICMPv6","76","RPL Control (Destination Advertisement Object)"
"2585","19.585787","fe80::c30c:0:0:b","fe80::c30c:0:0:1","ICMPv6","76","RPL Control (Destination Advertisement Object)"
"2586","19.588306","fe80::c30c:0:0:6","fe80::c30c:0:0:7","ICMPv6","76","RPL Control (Destination Advertisement Object)"
"2587","19.589115","fe80::c30c:0:0:b","fe80::c30c:0:0:1","ICMPv6","76","RPL Control (Destination Advertisement Object)"
"2588","19.591632","fe80::c30c:0:0:6","fe80::c30c:0:0:7","ICMPv6","76","RPL Control (Destination Advertisement Object)"
"2589","19.592440","fe80::c30c:0:0:b","fe80::c30c:0:0:1","ICMPv6","76","RPL Control (Destination Advertisement Object)"
"2590","19.594957","fe80::c30c:0:0:6","fe80::c30c:0:0:7","ICMPv6","76","RPL Control (Destination Advertisement Object)"
"2591","19.595766","fe80::c30c:0:0:b","fe80::c30c:0:0:1","ICMPv6","76","RPL Control (Destination Advertisement Object)"
"2592","19.599094","fe80::c30c:0:0:b","fe80::c30c:0:0:1","ICMPv6","76","RPL Control (Destination Advertisement Object)"
"2593","19.602420","fe80::c30c:0:0:b","fe80::c30c:0:0:1","ICMPv6","76","RPL Control (Destination Advertisement Object)"
"2594","19.605289","fe80::c30c:0:0:6","fe80::c30c:0:0:7","ICMPv6","76","RPL Control (Destination Advertisement Object)"
"2595","19.605745","fe80::c30c:0:0:b","fe80::c30c:0:0:1","ICMPv6","76","RPL Control (Destination Advertisement Object)"
"2596","19.608600","fe80::c30c:0:0:6","fe80::c30c:0:0:7","ICMPv6","76","RPL Control (Destination Advertisement Object)"
"2597","19.609072","fe80::c30c:0:0:b","fe80::c30c:0:0:1","ICMPv6","76","RPL Control (Destination Advertisement Object)"
"2598","19.611925","fe80::c30c:0:0:6","fe80::c30c:0:0:7","ICMPv6","76","RPL Control (Destination Advertisement Object)"
"2599","19.612369","fe80::c30c:0:0:b","fe80::c30c:0:0:1","ICMPv6","76","RPL Control (Destination Advertisement Object)"
"2600","19.615252","fe80::c30c:0:0:6","fe80::c30c:0:0:7","ICMPv6","76","RPL Control (Destination Advertisement Object)"
"2601","19.615733","fe80::c30c:0:0:b","fe80::c30c:0:0:1","ICMPv6","76","RPL Control (Destination Advertisement Object)"
"2602","19.618579","fe80::c30c:0:0:6","fe80::c30c:0:0:7","ICMPv6","76","RPL Control (Destination Advertisement Object)"
"2603","19.619052","fe80::c30c:0:0:b","fe80::c30c:0:0:1","ICMPv6","76","RPL Control (Destination Advertisement Object)"
"2604","19.621905","fe80::c30c:0:0:6","fe80::c30c:0:0:7","ICMPv6","76","RPL Control (Destination Advertisement Object)"
"2605","19.622379","fe80::c30c:0:0:b","fe80::c30c:0:0:1","ICMPv6","76","RPL Control (Destination Advertisement Object)"
"2606","19.625232","fe80::c30c:0:0:6","fe80::c30c:0:0:7","ICMPv6","76","RPL Control (Destination Advertisement Object)"
"2607","19.625704","fe80::c30c:0:0:b","fe80::c30c:0:0:1","ICMPv6","76","RPL Control (Destination Advertisement Object)"
"2608","19.628558","fe80::c30c:0:0:6","fe80::c30c:0:0:7","ICMPv6","76","RPL Control (Destination Advertisement Object)"
"2609","19.629032","fe80::c30c:0:0:b","fe80::c30c:0:0:1","ICMPv6","76","RPL Control (Destination Advertisement Object)"
"2610","19.631885","fe80::c30c:0:0:6","fe80::c30c:0:0:7","ICMPv6","76","RPL Control (Destination Advertisement Object)"
"2611","19.635211","fe80::c30c:0:0:6","fe80::c30c:0:0:7","ICMPv6","76","RPL Control (Destination Advertisement Object)"
"2612","19.638538","fe80::c30c:0:0:6","fe80::c30c:0:0:7","ICMPv6","76","RPL Control (Destination Advertisement Object)"
"2613","19.639355","fe80::c30c:0:0:b","fe80::c30c:0:0:1","ICMPv6","76","RPL Control (Destination Advertisement Object)"
"2614","19.641863","fe80::c30c:0:0:6","fe80::c30c:0:0:7","ICMPv6","76","RPL Control (Destination Advertisement Object)"
"2615","19.642673","fe80::c30c:0:0:b","fe80::c30c:0:0:1","ICMPv6","76","RPL Control (Destination Advertisement Object)"
"2616","19.645189","fe80::c30c:0:0:6","fe80::c30c:0:0:7","ICMPv6","76","RPL Control (Destination Advertisement Object)"
"2617","19.645998","fe80::c30c:0:0:b","fe80::c30c:0:0:1","ICMPv6","76","RPL Control (Destination Advertisement Object)"
"2618","19.648485","fe80::c30c:0:0:6","fe80::c30c:0:0:7","ICMPv6","76","RPL Control (Destination Advertisement Object)"
"2619","19.649325","fe80::c30c:0:0:b","fe80::c30c:0:0:1","ICMPv6","76","RPL Control (Destination Advertisement Object)"
"2620","19.651813","fe80::c30c:0:0:6","fe80::c30c:0:0:7","ICMPv6","76","RPL Control (Destination Advertisement Object)"
"2621","19.652652","fe80::c30c:0:0:b","fe80::c30c:0:0:1","ICMPv6","76","RPL Control (Destination Advertisement Object)"
"2622","19.655140","fe80::c30c:0:0:6","fe80::c30c:0:0:7","ICMPv6","76","RPL Control (Destination Advertisement Object)"
"2623","19.655978","fe80::c30c:0:0:b","fe80::c30c:0:0:1","ICMPv6","76","RPL Control (Destination Advertisement Object)"
"2624","19.658466","fe80::c30c:0:0:6","fe80::c30c:0:0:7","ICMPv6","76","RPL Control (Destination Advertisement Object)"
"2625","19.659304","fe80::c30c:0:0:b","fe80::c30c:0:0:1","ICMPv6","76","RPL Control (Destination Advertisement Object)"
"2626","19.661792","fe80::c30c:0:0:6","fe80::c30c:0:0:7","ICMPv6","76","RPL Control (Destination Advertisement Object)"
"2627","19.662638","fe80::c30c:0:0:b","fe80::c30c:0:0:1","ICMPv6","76","RPL Control (Destination Advertisement Object)"
"2628","19.665117","fe80::c30c:0:0:6","fe80::c30c:0:0:7","ICMPv6","76","RPL Control (Destination Advertisement Object)"
"2629","19.665958","fe80::c30c:0:0:b","fe80::c30c:0:0:1","ICMPv6","76","RPL Control (Destination Advertisement Object)"
"2630","19.668413","fe80::c30c:0:0:6","fe80::c30c:0:0:7","ICMPv6","76","RPL Control (Destination Advertisement Object)"
"2631","19.669284","fe80::c30c:0:0:b","fe80::c30c:0:0:1","ICMPv6","76","RPL Control (Destination Advertisement Object)"
"2632","19.671740","fe80::c30c:0:0:6","fe80::c30c:0:0:7","ICMPv6","76","RPL Control (Destination Advertisement Object)"
"2633","19.672610","fe80::c30c:0:0:b","fe80::c30c:0:0:1","ICMPv6","76","RPL Control (Destination Advertisement Object)"
"2634","19.675067","fe80::c30c:0:0:6","fe80::c30c:0:0:7","ICMPv6","76","RPL Control (Destination Advertisement Object)"
"2635","19.675906","fe80::c30c:0:0:b","fe80::c30c:0:0:1","ICMPv6","76","RPL Control (Destination Advertisement Object)"
"2636","19.678392","fe80::c30c:0:0:6","fe80::c30c:0:0:7","ICMPv6","76","RPL Control (Destination Advertisement Object)"
"2637","19.679233","fe80::c30c:0:0:b","fe80::c30c:0:0:1","ICMPv6","76","RPL Control (Destination Advertisement Object)"
"2638","19.681719","fe80::c30c:0:0:6","fe80::c30c:0:0:7","ICMPv6","76","RPL Control (Destination Advertisement Object)"
"2639","19.682559","fe80::c30c:0:0:b","fe80::c30c:0:0:1","ICMPv6","76","RPL Control (Destination Advertisement Object)"
"2640","19.685047","fe80::c30c:0:0:6","fe80::c30c:0:0:7","ICMPv6","76","RPL Control (Destination Advertisement Object)"
"2641","19.685886","fe80::c30c:0:0:b","fe80::c30c:0:0:1","ICMPv6","76","RPL Control (Destination Advertisement Object)"
"2642","19.688373","fe80::c30c:0:0:6","fe80::c30c:0:0:7","ICMPv6","76","RPL Control (Destination Advertisement Object)"
"2643","19.689211","fe80::c30c:0:0:b","fe80::c30c:0:0:1","ICMPv6","76","RPL Control (Destination Advertisement Object)"
"2644","19.691698","fe80::c30c:0:0:6","fe80::c30c:0:0:7","ICMPv6","76","RPL Control (Destination Advertisement Object)"
"2645","19.692538","fe80::c30c:0:0:b","fe80::c30c:0:0:1","ICMPv6","76","RPL Control (Destination Advertisement Object)"
"2646","19.695026","fe80::c30c:0:0:6","fe80::c30c:0:0:7","ICMPv6","76","RPL Control (Destination Advertisement Object)"
"2647","19.695864","fe80::c30c:0:0:b","fe80::c30c:0:0:1","ICMPv6","76","RPL Control (Destination Advertisement Object)"
"2648","19.698352","fe80::c30c:0:0:6","fe80::c30c:0:0:7","ICMPv6","76","RPL Control (Destination Advertisement Object)"
"2649","19.699190","fe80::c30c:0:0:b","fe80::c30c:0:0:1","ICMPv6","76","RPL Control (Destination Advertisement Object)"
"2650","19.701677","fe80::c30c:0:0:6","fe80::c30c:0:0:7","ICMPv6","76","RPL Control (Destination Advertisement Object)"
"2651","19.702517","fe80::c30c:0:0:b","fe80::c30c:0:0:1","ICMPv6","76","RPL Control (Destination Advertisement Object)"
"2652","19.704973","fe80::c30c:0:0:6","fe80::c30c:0:0:7","ICMPv6","76","RPL Control (Destination Advertisement Object)"
"2653","19.705844","fe80::c30c:0:0:b","fe80::c30c:0:0:1","ICMPv6","76","RPL Control (Destination Advertisement Object)"
"2654","19.708301","fe80::c30c:0:0:6","fe80::c30c:0:0:7","ICMPv6","76","RPL Control (Destination Advertisement Object)"
"2655","19.709170","fe80::c30c:0:0:b","fe80::c30c:0:0:1","ICMPv6","76","RPL Control (Destination Advertisement Object)"
"2656","19.711628","fe80::c30c:0:0:6","fe80::c30c:0:0:7","ICMPv6","76","RPL Control (Destination Advertisement Object)"
"2657","19.712497","fe80::c30c:0:0:b","fe80::c30c:0:0:1","ICMPv6","76","RPL Control (Destination Advertisement Object)"
"2658","19.714990","fe80::c30c:0:0:6","fe80::c30c:0:0:7","ICMPv6","76","RPL Control (Destination Advertisement Object)"
"2659","19.715822","fe80::c30c:0:0:b","fe80::c30c:0:0:1","ICMPv6","76","RPL Control (Destination Advertisement Object)"
"2660","19.718310","fe80::c30c:0:0:6","fe80::c30c:0:0:7","ICMPv6","76","RPL Control (Destination Advertisement Object)"
"2661","19.719150","fe80::c30c:0:0:b","fe80::c30c:0:0:1","ICMPv6","76","RPL Control (Destination Advertisement Object)"
"2662","19.721606","fe80::c30c:0:0:6","fe80::c30c:0:0:7","ICMPv6","76","RPL Control (Destination Advertisement Object)"
"2663","19.722476","fe80::c30c:0:0:b","fe80::c30c:0:0:1","ICMPv6","76","RPL Control (Destination Advertisement Object)"
"2664","19.724933","fe80::c30c:0:0:6","fe80::c30c:0:0:7","ICMPv6","76","RPL Control (Destination Advertisement Object)"
"2665","19.725801","fe80::c30c:0:0:b","fe80::c30c:0:0:1","ICMPv6","76","RPL Control (Destination Advertisement Object)"
"2666","19.728259","fe80::c30c:0:0:6","fe80::c30c:0:0:7","ICMPv6","76","RPL Control (Destination Advertisement Object)"
"2667","19.729098","fe80::c30c:0:0:b","fe80::c30c:0:0:1","ICMPv6","76","RPL Control (Destination Advertisement Object)"
"2668","19.731586","fe80::c30c:0:0:6","fe80::c30c:0:0:7","ICMPv6","76","RPL Control (Destination Advertisement Object)"
"2669","19.732423","fe80::c30c:0:0:b","fe80::c30c:0:0:1","ICMPv6","76","RPL Control (Destination Advertisement Object)"
"2670","19.735750","fe80::c30c:0:0:b","fe80::c30c:0:0:1","ICMPv6","76","RPL Control (Destination Advertisement Object)"
"2671","19.739046","fe80::c30c:0:0:b","fe80::c30c:0:0:1","ICMPv6","76","RPL Control (Destination Advertisement Object)"
"2672","19.741975","fe80::c30c:0:0:6","fe80::c30c:0:0:7","ICMPv6","76","RPL Control (Destination Advertisement Object)"
"2673","19.742374","fe80::c30c:0:0:b","fe80::c30c:0:0:1","ICMPv6","76","RPL Control (Destination Advertisement Object)"
"2674","19.745287","fe80::c30c:0:0:6","fe80::c30c:0:0:7","ICMPv6","76","RPL Control (Destination Advertisement Object)"
"2675","19.745700","fe80::c30c:0:0:b","fe80::c30c:0:0:1","ICMPv6","76","RPL Control (Destination Advertisement Object)"
"2676","19.748615","fe80::c30c:0:0:6","fe80::c30c:0:0:7","ICMPv6","76","RPL Control (Destination Advertisement Object)"
"2677","19.749025","fe80::c30c:0:0:b","fe80::c30c:0:0:1","ICMPv6","76","RPL Control (Destination Advertisement Object)"
"2678","19.751941","fe80::c30c:0:0:6","fe80::c30c:0:0:7","ICMPv6","76","RPL Control (Destination Advertisement Object)"
"2679","19.752353","fe80::c30c:0:0:b","fe80::c30c:0:0:1","ICMPv6","76","RPL Control (Destination Advertisement Object)"
"2680","19.755267","fe80::c30c:0:0:6","fe80::c30c:0:0:7","ICMPv6","76","RPL Control (Destination Advertisement Object)"
"2681","19.755679","fe80::c30c:0:0:b","fe80::c30c:0:0:1","ICMPv6","76","RPL Control (Destination Advertisement Object)"
"2682","19.758563","fe80::c30c:0:0:6","fe80::c30c:0:0:7","ICMPv6","76","RPL Control (Destination Advertisement Object)"
"2683","19.759005","fe80::c30c:0:0:b","fe80::c30c:0:0:1","ICMPv6","76","RPL Control (Destination Advertisement Object)"
"2684","19.761897","fe80::c30c:0:0:6","fe80::c30c:0:0:7","ICMPv6","76","RPL Control (Destination Advertisement Object)"
"2685","19.762332","fe80::c30c:0:0:b","fe80::c30c:0:0:1","ICMPv6","76","RPL Control (Destination Advertisement Object)"
"2686","19.765216","fe80::c30c:0:0:6","fe80::c30c:0:0:7","ICMPv6","76","RPL Control (Destination Advertisement Object)"
"2687","19.765659","fe80::c30c:0:0:b","fe80::c30c:0:0:1","ICMPv6","76","RPL Control (Destination Advertisement Object)"
"2688","19.768541","fe80::c30c:0:0:6","fe80::c30c:0:0:7","ICMPv6","76","RPL Control (Destination Advertisement Object)"
"2689","19.771869","fe80::c30c:0:0:6","fe80::c30c:0:0:7","ICMPv6","76","RPL Control (Destination Advertisement Object)"
"2690","19.775195","fe80::c30c:0:0:6","fe80::c30c:0:0:7","ICMPv6","76","RPL Control (Destination Advertisement Object)"
"2691","19.775987","fe80::c30c:0:0:b","fe80::c30c:0:0:1","ICMPv6","76","RPL Control (Destination Advertisement Object)"
"2692","19.778521","fe80::c30c:0:0:6","fe80::c30c:0:0:7","ICMPv6","76","RPL Control (Destination Advertisement Object)"
"2693","19.779300","fe80::c30c:0:0:b","fe80::c30c:0:0:1","ICMPv6","76","RPL Control (Destination Advertisement Object)"
"2694","19.781848","fe80::c30c:0:0:6","fe80::c30c:0:0:7","ICMPv6","76","RPL Control (Destination Advertisement Object)"
"2695","19.782627","fe80::c30c:0:0:b","fe80::c30c:0:0:1","ICMPv6","76","RPL Control (Destination Advertisement Object)"
"2696","19.785175","fe80::c30c:0:0:6","fe80::c30c:0:0:7","ICMPv6","76","RPL Control (Destination Advertisement Object)"
"2697","19.785951","fe80::c30c:0:0:b","fe80::c30c:0:0:1","ICMPv6","76","RPL Control (Destination Advertisement Object)"
"2698","19.788500","fe80::c30c:0:0:6","fe80::c30c:0:0:7","ICMPv6","76","RPL Control (Destination Advertisement Object)"
"2699","19.789279","fe80::c30c:0:0:b","fe80::c30c:0:0:1","ICMPv6","76","RPL Control (Destination Advertisement Object)"
"2700","19.791797","fe80::c30c:0:0:6","fe80::c30c:0:0:7","ICMPv6","76","RPL Control (Destination Advertisement Object)"
"2701","19.792605","fe80::c30c:0:0:b","fe80::c30c:0:0:1","ICMPv6","76","RPL Control (Destination Advertisement Object)"
"2702","19.795122","fe80::c30c:0:0:6","fe80::c30c:0:0:7","ICMPv6","76","RPL Control (Destination Advertisement Object)"
"2703","19.795932","fe80::c30c:0:0:b","fe80::c30c:0:0:1","ICMPv6","76","RPL Control (Destination Advertisement Object)"
"2704","19.798450","fe80::c30c:0:0:6","fe80::c30c:0:0:7","ICMPv6","76","RPL Control (Destination Advertisement Object)"
"2705","19.799259","fe80::c30c:0:0:b","fe80::c30c:0:0:1","ICMPv6","76","RPL Control (Destination Advertisement Object)"
"2706","19.801777","fe80::c30c:0:0:6","fe80::c30c:0:0:7","ICMPv6","76","RPL Control (Destination Advertisement Object)"
"2707","19.802585","fe80::c30c:0:0:b","fe80::c30c:0:0:1","ICMPv6","76","RPL Control (Destination Advertisement Object)"
"2708","19.805101","fe80::c30c:0:0:6","fe80::c30c:0:0:7","ICMPv6","76","RPL Control (Destination Advertisement Object)"
"2709","19.805910","fe80::c30c:0:0:b","fe80::c30c:0:0:1","ICMPv6","76","RPL Control (Destination Advertisement Object)"
"2710","19.808397","fe80::c30c:0:0:6","fe80::c30c:0:0:7","ICMPv6","76","RPL Control (Destination Advertisement Object)"
"2711","19.809238","fe80::c30c:0:0:b","fe80::c30c:0:0:1","ICMPv6","76","RPL Control (Destination Advertisement Object)"
"2712","19.811724","fe80::c30c:0:0:6","fe80::c30c:0:0:7","ICMPv6","76","RPL Control (Destination Advertisement Object)"
"2713","19.812563","fe80::c30c:0:0:b","fe80::c30c:0:0:1","ICMPv6","76","RPL Control (Destination Advertisement Object)"
"2714","19.815052","fe80::c30c:0:0:6","fe80::c30c:0:0:7","ICMPv6","76","RPL Control (Destination Advertisement Object)"
"2715","19.815891","fe80::c30c:0:0:b","fe80::c30c:0:0:1","ICMPv6","76","RPL Control (Destination Advertisement Object)"
"2716","19.818377","fe80::c30c:0:0:6","fe80::c30c:0:0:7","ICMPv6","76","RPL Control (Destination Advertisement Object)"
"2717","19.819216","fe80::c30c:0:0:b","fe80::c30c:0:0:1","ICMPv6","76","RPL Control (Destination Advertisement Object)"
"2718","19.821673","fe80::c30c:0:0:6","fe80::c30c:0:0:7","ICMPv6","76","RPL Control (Destination Advertisement Object)"
"2719","19.822544","fe80::c30c:0:0:b","fe80::c30c:0:0:1","ICMPv6","76","RPL Control (Destination Advertisement Object)"
"2720","19.825000","fe80::c30c:0:0:6","fe80::c30c:0:0:7","ICMPv6","76","RPL Control (Destination Advertisement Object)"
"2721","19.825870","fe80::c30c:0:0:b","fe80::c30c:0:0:1","ICMPv6","76","RPL Control (Destination Advertisement Object)"
"2722","19.828327","fe80::c30c:0:0:6","fe80::c30c:0:0:7","ICMPv6","76","RPL Control (Destination Advertisement Object)"
"2723","19.829196","fe80::c30c:0:0:b","fe80::c30c:0:0:1","ICMPv6","76","RPL Control (Destination Advertisement Object)"
"2724","19.831653","fe80::c30c:0:0:6","fe80::c30c:0:0:7","ICMPv6","76","RPL Control (Destination Advertisement Object)"
"2725","19.832521","fe80::c30c:0:0:b","fe80::c30c:0:0:1","ICMPv6","76","RPL Control (Destination Advertisement Object)"
"2726","19.834980","fe80::c30c:0:0:6","fe80::c30c:0:0:7","ICMPv6","76","RPL Control (Destination Advertisement Object)"
"2727","19.835848","fe80::c30c:0:0:b","fe80::c30c:0:0:1","ICMPv6","76","RPL Control (Destination Advertisement Object)"
"2728","19.838306","fe80::c30c:0:0:6","fe80::c30c:0:0:7","ICMPv6","76","RPL Control (Destination Advertisement Object)"
"2729","19.839176","fe80::c30c:0:0:b","fe80::c30c:0:0:1","ICMPv6","76","RPL Control (Destination Advertisement Object)"
"2730","19.841632","fe80::c30c:0:0:6","fe80::c30c:0:0:7","ICMPv6","76","RPL Control (Destination Advertisement Object)"
"2731","19.842501","fe80::c30c:0:0:b","fe80::c30c:0:0:1","ICMPv6","76","RPL Control (Destination Advertisement Object)"
"2732","19.844957","fe80::c30c:0:0:6","fe80::c30c:0:0:7","ICMPv6","76","RPL Control (Destination Advertisement Object)"
"2733","19.845828","fe80::c30c:0:0:b","fe80::c30c:0:0:1","ICMPv6","76","RPL Control (Destination Advertisement Object)"
"2734","19.848284","fe80::c30c:0:0:6","fe80::c30c:0:0:7","ICMPv6","76","RPL Control (Destination Advertisement Object)"
"2735","19.849155","fe80::c30c:0:0:b","fe80::c30c:0:0:1","ICMPv6","76","RPL Control (Destination Advertisement Object)"
"2736","19.851580","fe80::c30c:0:0:6","fe80::c30c:0:0:7","ICMPv6","76","RPL Control (Destination Advertisement Object)"
"2737","19.852480","fe80::c30c:0:0:b","fe80::c30c:0:0:1","ICMPv6","76","RPL Control (Destination Advertisement Object)"
"2738","19.854908","fe80::c30c:0:0:6","fe80::c30c:0:0:7","ICMPv6","76","RPL Control (Destination Advertisement Object)"
"2739","19.855808","fe80::c30c:0:0:b","fe80::c30c:0:0:1","ICMPv6","76","RPL Control (Destination Advertisement Object)"
"2740","19.858233","fe80::c30c:0:0:6","fe80::c30c:0:0:7","ICMPv6","76","RPL Control (Destination Advertisement Object)"
"2741","19.859133","fe80::c30c:0:0:b","fe80::c30c:0:0:1","ICMPv6","76","RPL Control (Destination Advertisement Object)"
"2742","19.861560","fe80::c30c:0:0:6","fe80::c30c:0:0:7","ICMPv6","76","RPL Control (Destination Advertisement Object)"
"2743","19.862430","fe80::c30c:0:0:b","fe80::c30c:0:0:1","ICMPv6","76","RPL Control (Destination Advertisement Object)"
"2744","19.864887","fe80::c30c:0:0:6","fe80::c30c:0:0:7","ICMPv6","76","RPL Control (Destination Advertisement Object)"
"2745","19.865763","fe80::c30c:0:0:b","fe80::c30c:0:0:1","ICMPv6","76","RPL Control (Destination Advertisement Object)"
"2746","19.868211","fe80::c30c:0:0:6","fe80::c30c:0:0:7","ICMPv6","76","RPL Control (Destination Advertisement Object)"
"2747","19.869083","fe80::c30c:0:0:b","fe80::c30c:0:0:1","ICMPv6","76","RPL Control (Destination Advertisement Object)"
"2748","19.872409","fe80::c30c:0:0:b","fe80::c30c:0:0:1","ICMPv6","76","RPL Control (Destination Advertisement Object)"
"2749","19.875735","fe80::c30c:0:0:b","fe80::c30c:0:0:1","ICMPv6","76","RPL Control (Destination Advertisement Object)"
"2750","19.879031","fe80::c30c:0:0:b","fe80::c30c:0:0:1","ICMPv6","76","RPL Control (Destination Advertisement Object)"
"2751","19.882358","fe80::c30c:0:0:b","fe80::c30c:0:0:1","ICMPv6","76","RPL Control (Destination Advertisement Object)"
"2752","19.885199","","","IEEE 802.15.4","5","Ack"
"2753","19.890138","fe80::c30c:0:0:6","fe80::c30c:0:0:7","ICMPv6","76","RPL Control (Destination Advertisement Object)"
"2754","19.893451","fe80::c30c:0:0:6","fe80::c30c:0:0:7","ICMPv6","76","RPL Control (Destination Advertisement Object)"
"2755","19.896778","fe80::c30c:0:0:6","fe80::c30c:0:0:7","ICMPv6","76","RPL Control (Destination Advertisement Object)"
"2756","19.900102","fe80::c30c:0:0:6","fe80::c30c:0:0:7","ICMPv6","76","RPL Control (Destination Advertisement Object)"
"2757","19.903430","fe80::c30c:0:0:6","fe80::c30c:0:0:7","ICMPv6","76","RPL Control (Destination Advertisement Object)"
"2758","19.906271","","","IEEE 802.15.4","5","Ack"
"2759","19.915377","fe80::c30c:0:0:6","fe80::c30c:0:0:7","ICMPv6","102","RPL Control (DODAG Information Object)"
"2760","19.919512","fe80::c30c:0:0:6","fe80::c30c:0:0:7","ICMPv6","102","RPL Control (DODAG Information Object)"
"2761","19.923664","fe80::c30c:0:0:6","fe80::c30c:0:0:7","ICMPv6","102","RPL Control (DODAG Information Object)"
"2762","19.927814","fe80::c30c:0:0:6","fe80::c30c:0:0:7","ICMPv6","102","RPL Control (DODAG Information Object)"
"2763","19.931965","fe80::c30c:0:0:6","fe80::c30c:0:0:7","ICMPv6","102","RPL Control (DODAG Information Object)"
"2764","19.936113","fe80::c30c:0:0:6","fe80::c30c:0:0:7","ICMPv6","102","RPL Control (DODAG Information Object)"
"2765","19.940264","fe80::c30c:0:0:6","fe80::c30c:0:0:7","ICMPv6","102","RPL Control (DODAG Information Object)"
"2766","19.944415","fe80::c30c:0:0:6","fe80::c30c:0:0:7","ICMPv6","102","RPL Control (DODAG Information Object)"
"2767","19.948565","fe80::c30c:0:0:6","fe80::c30c:0:0:7","ICMPv6","102","RPL Control (DODAG Information Object)"
"2768","19.952715","fe80::c30c:0:0:6","fe80::c30c:0:0:7","ICMPv6","102","RPL Control (DODAG Information Object)"
"2769","19.956866","fe80::c30c:0:0:6","fe80::c30c:0:0:7","ICMPv6","102","RPL Control (DODAG Information Object)"
"2770","19.961016","fe80::c30c:0:0:6","fe80::c30c:0:0:7","ICMPv6","102","RPL Control (DODAG Information Object)"
"2771","19.965168","fe80::c30c:0:0:6","fe80::c30c:0:0:7","ICMPv6","102","RPL Control (DODAG Information Object)"
"2772","19.969318","fe80::c30c:0:0:6","fe80::c30c:0:0:7","ICMPv6","102","RPL Control (DODAG Information Object)"
"2773","19.973468","fe80::c30c:0:0:6","fe80::c30c:0:0:7","ICMPv6","102","RPL Control (DODAG Information Object)"
"2774","19.977619","fe80::c30c:0:0:6","fe80::c30c:0:0:7","ICMPv6","102","RPL Control (DODAG Information Object)"
"2775","19.981769","fe80::c30c:0:0:6","fe80::c30c:0:0:7","ICMPv6","102","RPL Control (DODAG Information Object)"
"2776","19.985919","fe80::c30c:0:0:6","fe80::c30c:0:0:7","ICMPv6","102","RPL Control (DODAG Information Object)"
"2777","19.990070","fe80::c30c:0:0:6","fe80::c30c:0:0:7","ICMPv6","102","RPL Control (DODAG Information Object)"
"2778","19.994220","fe80::c30c:0:0:6","fe80::c30c:0:0:7","ICMPv6","102","RPL Control (DODAG Information Object)"
"2779","19.998370","fe80::c30c:0:0:6","fe80::c30c:0:0:7","ICMPv6","102","RPL Control (DODAG Information Object)"
"2780","20.002520","fe80::c30c:0:0:6","fe80::c30c:0:0:7","ICMPv6","102","RPL Control (DODAG Information Object)"
"2781","20.006672","fe80::c30c:0:0:6","fe80::c30c:0:0:7","ICMPv6","102","RPL Control (DODAG Information Object)"
"2782","20.010822","fe80::c30c:0:0:6","fe80::c30c:0:0:7","ICMPv6","102","RPL Control (DODAG Information Object)"
"2783","20.014971","fe80::c30c:0:0:6","fe80::c30c:0:0:7","ICMPv6","102","RPL Control (DODAG Information Object)"
"2784","20.019122","fe80::c30c:0:0:6","fe80::c30c:0:0:7","ICMPv6","102","RPL Control (DODAG Information Object)"
"2785","20.023272","fe80::c30c:0:0:6","fe80::c30c:0:0:7","ICMPv6","102","RPL Control (DODAG Information Object)"
"2786","20.027466","fe80::c30c:0:0:6","fe80::c30c:0:0:7","ICMPv6","102","RPL Control (DODAG Information Object)"
"2787","20.031138","","","IEEE 802.15.4","5","Ack"
"2788","20.073348","fe80::c30c:0:0:7","fe80::c30c:0:0:3","ICMPv6","76","RPL Control (Destination Advertisement Object)"
"2789","20.076669","fe80::c30c:0:0:7","fe80::c30c:0:0:3","ICMPv6","76","RPL Control (Destination Advertisement Object)"
"2790","20.079965","fe80::c30c:0:0:7","fe80::c30c:0:0:3","ICMPv6","76","RPL Control (Destination Advertisement Object)"
"2791","20.083292","fe80::c30c:0:0:7","fe80::c30c:0:0:3","ICMPv6","76","RPL Control (Destination Advertisement Object)"
"2792","20.086618","fe80::c30c:0:0:7","fe80::c30c:0:0:3","ICMPv6","76","RPL Control (Destination Advertisement Object)"
"2793","20.089945","fe80::c30c:0:0:7","fe80::c30c:0:0:3","ICMPv6","76","RPL Control (Destination Advertisement Object)"
"2794","20.093270","fe80::c30c:0:0:7","fe80::c30c:0:0:3","ICMPv6","76","RPL Control (Destination Advertisement Object)"
"2795","20.096566","fe80::c30c:0:0:7","fe80::c30c:0:0:3","ICMPv6","76","RPL Control (Destination Advertisement Object)"
"2796","20.099894","fe80::c30c:0:0:7","fe80::c30c:0:0:3","ICMPv6","76","RPL Control (Destination Advertisement Object)"
"2797","20.103220","fe80::c30c:0:0:7","fe80::c30c:0:0:3","ICMPv6","76","RPL Control (Destination Advertisement Object)"
"2798","20.106546","fe80::c30c:0:0:7","fe80::c30c:0:0:3","ICMPv6","76","RPL Control (Destination Advertisement Object)"
"2799","20.109873","fe80::c30c:0:0:7","fe80::c30c:0:0:3","ICMPv6","76","RPL Control (Destination Advertisement Object)"
"2800","20.113199","fe80::c30c:0:0:7","fe80::c30c:0:0:3","ICMPv6","76","RPL Control (Destination Advertisement Object)"
"2801","20.116556","fe80::c30c:0:0:7","fe80::c30c:0:0:3","ICMPv6","76","RPL Control (Destination Advertisement Object)"
"2802","20.119882","fe80::c30c:0:0:7","fe80::c30c:0:0:3","ICMPv6","76","RPL Control (Destination Advertisement Object)"
"2803","20.123207","fe80::c30c:0:0:7","fe80::c30c:0:0:3","ICMPv6","76","RPL Control (Destination Advertisement Object)"
"2804","20.126534","fe80::c30c:0:0:7","fe80::c30c:0:0:3","ICMPv6","76","RPL Control (Destination Advertisement Object)"
"2805","20.129831","fe80::c30c:0:0:7","fe80::c30c:0:0:3","ICMPv6","76","RPL Control (Destination Advertisement Object)"
"2806","20.133158","fe80::c30c:0:0:7","fe80::c30c:0:0:3","ICMPv6","76","RPL Control (Destination Advertisement Object)"
"2807","20.136482","fe80::c30c:0:0:7","fe80::c30c:0:0:3","ICMPv6","76","RPL Control (Destination Advertisement Object)"
"2808","20.139809","fe80::c30c:0:0:7","fe80::c30c:0:0:3","ICMPv6","76","RPL Control (Destination Advertisement Object)"
"2809","20.143105","fe80::c30c:0:0:7","fe80::c30c:0:0:3","ICMPv6","76","RPL Control (Destination Advertisement Object)"
"2810","20.146433","fe80::c30c:0:0:7","fe80::c30c:0:0:3","ICMPv6","76","RPL Control (Destination Advertisement Object)"
"2811","20.149759","fe80::c30c:0:0:7","fe80::c30c:0:0:3","ICMPv6","76","RPL Control (Destination Advertisement Object)"
"2812","20.152601","","","IEEE 802.15.4","5","Ack"
"2813","20.188022","fe80::c30c:0:0:3","fe80::c30c:0:0:b","ICMPv6","76","RPL Control (Destination Advertisement Object)"
"2814","20.191335","fe80::c30c:0:0:3","fe80::c30c:0:0:b","ICMPv6","76","RPL Control (Destination Advertisement Object)"
"2815","20.194177","","","IEEE 802.15.4","5","Ack"
"2816","20.230180","fe80::c30c:0:0:b","fe80::c30c:0:0:1","ICMPv6","76","RPL Control (Destination Advertisement Object)"
"2817","20.233493","fe80::c30c:0:0:b","fe80::c30c:0:0:1","ICMPv6","76","RPL Control (Destination Advertisement Object)"
"2818","20.236820","fe80::c30c:0:0:b","fe80::c30c:0:0:1","ICMPv6","76","RPL Control (Destination Advertisement Object)"
"2819","20.240146","fe80::c30c:0:0:b","fe80::c30c:0:0:1","ICMPv6","76","RPL Control (Destination Advertisement Object)"
"2820","20.243471","fe80::c30c:0:0:b","fe80::c30c:0:0:1","ICMPv6","76","RPL Control (Destination Advertisement Object)"
"2821","20.246799","fe80::c30c:0:0:b","fe80::c30c:0:0:1","ICMPv6","76","RPL Control (Destination Advertisement Object)"
"2822","20.250124","fe80::c30c:0:0:b","fe80::c30c:0:0:1","ICMPv6","76","RPL Control (Destination Advertisement Object)"
"2823","20.253452","fe80::c30c:0:0:b","fe80::c30c:0:0:1","ICMPv6","76","RPL Control (Destination Advertisement Object)"
"2824","20.256808","fe80::c30c:0:0:b","fe80::c30c:0:0:1","ICMPv6","76","RPL Control (Destination Advertisement Object)"
"2825","20.260134","fe80::c30c:0:0:b","fe80::c30c:0:0:1","ICMPv6","76","RPL Control (Destination Advertisement Object)"
"2826","20.262975","","","IEEE 802.15.4","5","Ack"
"2827","20.281248","fe80::c30c:0:0:9","fe80::c30c:0:0:7","ICMPv6","102","RPL Control (DODAG Information Object)"
"2828","20.285384","fe80::c30c:0:0:9","fe80::c30c:0:0:7","ICMPv6","102","RPL Control (DODAG Information Object)"
"2829","20.289534","fe80::c30c:0:0:9","fe80::c30c:0:0:7","ICMPv6","102","RPL Control (DODAG Information Object)"
"2830","20.293685","fe80::c30c:0:0:9","fe80::c30c:0:0:7","ICMPv6","102","RPL Control (DODAG Information Object)"
"2831","20.297843","fe80::c30c:0:0:9","fe80::c30c:0:0:7","ICMPv6","102","RPL Control (DODAG Information Object)"
"2832","20.301986","fe80::c30c:0:0:9","fe80::c30c:0:0:7","ICMPv6","102","RPL Control (DODAG Information Object)"
"2833","20.306137","fe80::c30c:0:0:9","fe80::c30c:0:0:7","ICMPv6","102","RPL Control (DODAG Information Object)"
"2834","20.310287","fe80::c30c:0:0:9","fe80::c30c:0:0:7","ICMPv6","102","RPL Control (DODAG Information Object)"
"2835","20.314437","fe80::c30c:0:0:9","fe80::c30c:0:0:7","ICMPv6","102","RPL Control (DODAG Information Object)"
"2836","20.318587","fe80::c30c:0:0:9","fe80::c30c:0:0:7","ICMPv6","102","RPL Control (DODAG Information Object)"
"2837","20.322738","fe80::c30c:0:0:9","fe80::c30c:0:0:7","ICMPv6","102","RPL Control (DODAG Information Object)"
"2838","20.326889","fe80::c30c:0:0:9","fe80::c30c:0:0:7","ICMPv6","102","RPL Control (DODAG Information Object)"
"2839","20.331038","fe80::c30c:0:0:9","fe80::c30c:0:0:7","ICMPv6","102","RPL Control (DODAG Information Object)"
"2840","20.335190","fe80::c30c:0:0:9","fe80::c30c:0:0:7","ICMPv6","102","RPL Control (DODAG Information Object)"
"2841","20.339339","fe80::c30c:0:0:9","fe80::c30c:0:0:7","ICMPv6","102","RPL Control (DODAG Information Object)"
"2842","20.343489","fe80::c30c:0:0:9","fe80::c30c:0:0:7","ICMPv6","102","RPL Control (DODAG Information Object)"
"2843","20.347639","fe80::c30c:0:0:9","fe80::c30c:0:0:7","ICMPv6","102","RPL Control (DODAG Information Object)"
"2844","20.351791","fe80::c30c:0:0:9","fe80::c30c:0:0:7","ICMPv6","102","RPL Control (DODAG Information Object)"
"2845","20.355940","fe80::c30c:0:0:9","fe80::c30c:0:0:7","ICMPv6","102","RPL Control (DODAG Information Object)"
"2846","20.360091","fe80::c30c:0:0:9","fe80::c30c:0:0:7","ICMPv6","102","RPL Control (DODAG Information Object)"
"2847","20.364241","fe80::c30c:0:0:9","fe80::c30c:0:0:7","ICMPv6","102","RPL Control (DODAG Information Object)"
"2848","20.368392","fe80::c30c:0:0:9","fe80::c30c:0:0:7","ICMPv6","102","RPL Control (DODAG Information Object)"
"2849","20.372542","fe80::c30c:0:0:9","fe80::c30c:0:0:7","ICMPv6","102","RPL Control (DODAG Information Object)"
"2850","20.376693","fe80::c30c:0:0:9","fe80::c30c:0:0:7","ICMPv6","102","RPL Control (DODAG Information Object)"
"2851","20.380843","fe80::c30c:0:0:9","fe80::c30c:0:0:7","ICMPv6","102","RPL Control (DODAG Information Object)"
"2852","20.384993","fe80::c30c:0:0:9","fe80::c30c:0:0:7","ICMPv6","102","RPL Control (DODAG Information Object)"
"2853","20.389144","fe80::c30c:0:0:9","fe80::c30c:0:0:7","ICMPv6","102","RPL Control (DODAG Information Object)"
"2854","20.393295","fe80::c30c:0:0:9","fe80::c30c:0:0:7","ICMPv6","102","RPL Control (DODAG Information Object)"
"2855","20.397444","fe80::c30c:0:0:9","fe80::c30c:0:0:7","ICMPv6","102","RPL Control (DODAG Information Object)"
"2856","20.401596","fe80::c30c:0:0:9","fe80::c30c:0:0:7","ICMPv6","102","RPL Control (DODAG Information Object)"
"2857","20.405746","fe80::c30c:0:0:9","fe80::c30c:0:0:7","ICMPv6","102","RPL Control (DODAG Information Object)"
"2858","20.409419","","","IEEE 802.15.4","5","Ack"
"2859","20.607169","fe80::c30c:0:0:7","ff02::1a","ICMPv6","97","RPL Control (DODAG Information Object)"
"2860","20.611506","fe80::c30c:0:0:7","ff02::1a","ICMPv6","97","RPL Control (DODAG Information Object)"
"2861","20.615838","fe80::c30c:0:0:7","ff02::1a","ICMPv6","97","RPL Control (DODAG Information Object)"
"2862","20.620172","fe80::c30c:0:0:7","ff02::1a","ICMPv6","97","RPL Control (DODAG Information Object)"
"2863","20.624507","fe80::c30c:0:0:7","ff02::1a","ICMPv6","97","RPL Control (DODAG Information Object)"
"2864","20.628839","fe80::c30c:0:0:7","ff02::1a","ICMPv6","97","RPL Control (DODAG Information Object)"
"2865","20.633174","fe80::c30c:0:0:7","ff02::1a","ICMPv6","97","RPL Control (DODAG Information Object)"
"2866","20.637506","fe80::c30c:0:0:7","ff02::1a","ICMPv6","97","RPL Control (DODAG Information Object)"
"2867","20.641830","fe80::c30c:0:0:7","ff02::1a","ICMPv6","97","RPL Control (DODAG Information Object)"
"2868","20.646173","fe80::c30c:0:0:7","ff02::1a","ICMPv6","97","RPL Control (DODAG Information Object)"
"2869","20.650508","fe80::c30c:0:0:7","ff02::1a","ICMPv6","97","RPL Control (DODAG Information Object)"
"2870","20.654830","fe80::c30c:0:0:7","ff02::1a","ICMPv6","97","RPL Control (DODAG Information Object)"
"2871","20.659173","fe80::c30c:0:0:7","ff02::1a","ICMPv6","97","RPL Control (DODAG Information Object)"
"2872","20.663508","fe80::c30c:0:0:7","ff02::1a","ICMPv6","97","RPL Control (DODAG Information Object)"
"2873","20.667840","fe80::c30c:0:0:7","ff02::1a","ICMPv6","97","RPL Control (DODAG Information Object)"
"2874","20.672164","fe80::c30c:0:0:7","ff02::1a","ICMPv6","97","RPL Control (DODAG Information Object)"
"2875","20.676508","fe80::c30c:0:0:7","ff02::1a","ICMPv6","97","RPL Control (DODAG Information Object)"
"2876","20.680831","fe80::c30c:0:0:7","ff02::1a","ICMPv6","97","RPL Control (DODAG Information Object)"
"2877","20.685176","fe80::c30c:0:0:7","ff02::1a","ICMPv6","97","RPL Control (DODAG Information Object)"
"2878","20.689509","fe80::c30c:0:0:7","ff02::1a","ICMPv6","97","RPL Control (DODAG Information Object)"
"2879","20.693841","fe80::c30c:0:0:7","ff02::1a","ICMPv6","97","RPL Control (DODAG Information Object)"
"2880","20.698176","fe80::c30c:0:0:7","ff02::1a","ICMPv6","97","RPL Control (DODAG Information Object)"
"2881","20.702500","fe80::c30c:0:0:7","ff02::1a","ICMPv6","97","RPL Control (DODAG Information Object)"
"2882","20.706842","fe80::c30c:0:0:7","ff02::1a","ICMPv6","97","RPL Control (DODAG Information Object)"
"2883","20.711177","fe80::c30c:0:0:7","ff02::1a","ICMPv6","97","RPL Control (DODAG Information Object)"
"2884","20.715509","fe80::c30c:0:0:7","ff02::1a","ICMPv6","97","RPL Control (DODAG Information Object)"
"2885","20.719843","fe80::c30c:0:0:7","ff02::1a","ICMPv6","97","RPL Control (DODAG Information Object)"
"2886","20.724176","fe80::c30c:0:0:7","ff02::1a","ICMPv6","97","RPL Control (DODAG Information Object)"
"2887","20.728510","fe80::c30c:0:0:7","ff02::1a","ICMPv6","97","RPL Control (DODAG Information Object)"
"2888","20.732842","fe80::c30c:0:0:7","ff02::1a","ICMPv6","97","RPL Control (DODAG Information Object)"
"2889","20.889335","fe80::c30c:0:0:2","fe80::c30c:0:0:b","ICMPv6","102","RPL Control (DODAG Information Object)"
"2890","20.893472","fe80::c30c:0:0:2","fe80::c30c:0:0:b","ICMPv6","102","RPL Control (DODAG Information Object)"
"2891","20.897623","fe80::c30c:0:0:2","fe80::c30c:0:0:b","ICMPv6","102","RPL Control (DODAG Information Object)"
"2892","20.901772","fe80::c30c:0:0:2","fe80::c30c:0:0:b","ICMPv6","102","RPL Control (DODAG Information Object)"
"2893","20.905922","fe80::c30c:0:0:2","fe80::c30c:0:0:b","ICMPv6","102","RPL Control (DODAG Information Object)"
"2894","20.910072","fe80::c30c:0:0:2","fe80::c30c:0:0:b","ICMPv6","102","RPL Control (DODAG Information Object)"
"2895","20.914223","fe80::c30c:0:0:2","fe80::c30c:0:0:b","ICMPv6","102","RPL Control (DODAG Information Object)"
"2896","20.918374","fe80::c30c:0:0:2","fe80::c30c:0:0:b","ICMPv6","102","RPL Control (DODAG Information Object)"
"2897","20.922524","fe80::c30c:0:0:2","fe80::c30c:0:0:b","ICMPv6","102","RPL Control (DODAG Information Object)"
"2898","20.926675","fe80::c30c:0:0:2","fe80::c30c:0:0:b","ICMPv6","102","RPL Control (DODAG Information Object)"
"2899","20.930825","fe80::c30c:0:0:2","fe80::c30c:0:0:b","ICMPv6","102","RPL Control (DODAG Information Object)"
"2900","20.934976","fe80::c30c:0:0:2","fe80::c30c:0:0:b","ICMPv6","102","RPL Control (DODAG Information Object)"
"2901","20.939126","fe80::c30c:0:0:2","fe80::c30c:0:0:b","ICMPv6","102","RPL Control (DODAG Information Object)"
"2902","20.943277","fe80::c30c:0:0:2","fe80::c30c:0:0:b","ICMPv6","102","RPL Control (DODAG Information Object)"
"2903","20.946949","","","IEEE 802.15.4","5","Ack"
"2904","21.862266","fe80::c30c:0:0:7","fe80::c30c:0:0:3","ICMPv6","76","RPL Control (Destination Advertisement Object)"
"2905","21.865579","fe80::c30c:0:0:7","fe80::c30c:0:0:3","ICMPv6","76","RPL Control (Destination Advertisement Object)"
"2906","21.868905","fe80::c30c:0:0:7","fe80::c30c:0:0:3","ICMPv6","76","RPL Control (Destination Advertisement Object)"
"2907","21.872231","fe80::c30c:0:0:7","fe80::c30c:0:0:3","ICMPv6","76","RPL Control (Destination Advertisement Object)"
"2908","21.875559","fe80::c30c:0:0:7","fe80::c30c:0:0:3","ICMPv6","76","RPL Control (Destination Advertisement Object)"
"2909","21.878885","fe80::c30c:0:0:7","fe80::c30c:0:0:3","ICMPv6","76","RPL Control (Destination Advertisement Object)"
"2910","21.882210","fe80::c30c:0:0:7","fe80::c30c:0:0:3","ICMPv6","76","RPL Control (Destination Advertisement Object)"
"2911","21.885537","fe80::c30c:0:0:7","fe80::c30c:0:0:3","ICMPv6","76","RPL Control (Destination Advertisement Object)"
"2912","21.888865","fe80::c30c:0:0:7","fe80::c30c:0:0:3","ICMPv6","76","RPL Control (Destination Advertisement Object)"
"2913","21.892191","fe80::c30c:0:0:7","fe80::c30c:0:0:3","ICMPv6","76","RPL Control (Destination Advertisement Object)"
"2914","21.895517","fe80::c30c:0:0:7","fe80::c30c:0:0:3","ICMPv6","76","RPL Control (Destination Advertisement Object)"
"2915","21.898844","fe80::c30c:0:0:7","fe80::c30c:0:0:3","ICMPv6","76","RPL Control (Destination Advertisement Object)"
"2916","21.902188","fe80::c30c:0:0:7","fe80::c30c:0:0:3","ICMPv6","76","RPL Control (Destination Advertisement Object)"
"2917","21.905029","","","IEEE 802.15.4","5","Ack"
"2918","21.939517","fe80::c30c:0:0:3","fe80::c30c:0:0:b","ICMPv6","76","RPL Control (Destination Advertisement Object)"
"2919","21.942830","fe80::c30c:0:0:3","fe80::c30c:0:0:b","ICMPv6","76","RPL Control (Destination Advertisement Object)"
"2920","21.945672","","","IEEE 802.15.4","5","Ack"
"2921","21.988085","fe80::c30c:0:0:b","fe80::c30c:0:0:1","ICMPv6","76","RPL Control (Destination Advertisement Object)"
"2922","21.991397","fe80::c30c:0:0:b","fe80::c30c:0:0:1","ICMPv6","76","RPL Control (Destination Advertisement Object)"
"2923","21.994723","fe80::c30c:0:0:b","fe80::c30c:0:0:1","ICMPv6","76","RPL Control (Destination Advertisement Object)"
"2924","21.998048","fe80::c30c:0:0:b","fe80::c30c:0:0:1","ICMPv6","76","RPL Control (Destination Advertisement Object)"
"2925","22.001375","fe80::c30c:0:0:b","fe80::c30c:0:0:1","ICMPv6","76","RPL Control (Destination Advertisement Object)"
"2926","22.004671","fe80::c30c:0:0:b","fe80::c30c:0:0:1","ICMPv6","76","RPL Control (Destination Advertisement Object)"
"2927","22.007997","fe80::c30c:0:0:b","fe80::c30c:0:0:1","ICMPv6","76","RPL Control (Destination Advertisement Object)"
"2928","22.010840","","","IEEE 802.15.4","5","Ack"
"2929","23.211240","fe80::c30c:0:0:9","ff02::1a","ICMPv6","97","RPL Control (DODAG Information Object)"
"2930","23.215576","fe80::c30c:0:0:9","ff02::1a","ICMPv6","97","RPL Control (DODAG Information Object)"
"2931","23.219905","fe80::c30c:0:0:9","ff02::1a","ICMPv6","97","RPL Control (DODAG Information Object)"
"2932","23.224242","fe80::c30c:0:0:9","ff02::1a","ICMPv6","97","RPL Control (DODAG Information Object)"
"2933","23.228576","fe80::c30c:0:0:9","ff02::1a","ICMPv6","97","RPL Control (DODAG Information Object)"
"2934","23.232910","fe80::c30c:0:0:9","ff02::1a","ICMPv6","97","RPL Control (DODAG Information Object)"
"2935","23.237243","fe80::c30c:0:0:9","ff02::1a","ICMPv6","97","RPL Control (DODAG Information Object)"
"2936","23.241577","fe80::c30c:0:0:9","ff02::1a","ICMPv6","97","RPL Control (DODAG Information Object)"
"2937","23.245911","fe80::c30c:0:0:9","ff02::1a","ICMPv6","97","RPL Control (DODAG Information Object)"
"2938","23.250243","fe80::c30c:0:0:9","ff02::1a","ICMPv6","97","RPL Control (DODAG Information Object)"
"2939","23.254568","fe80::c30c:0:0:9","ff02::1a","ICMPv6","97","RPL Control (DODAG Information Object)"
"2940","23.258904","fe80::c30c:0:0:9","ff02::1a","ICMPv6","97","RPL Control (DODAG Information Object)"
"2941","23.263244","fe80::c30c:0:0:9","ff02::1a","ICMPv6","97","RPL Control (DODAG Information Object)"
"2942","23.267578","fe80::c30c:0:0:9","ff02::1a","ICMPv6","97","RPL Control (DODAG Information Object)"
"2943","23.271910","fe80::c30c:0:0:9","ff02::1a","ICMPv6","97","RPL Control (DODAG Information Object)"
"2944","23.276235","fe80::c30c:0:0:9","ff02::1a","ICMPv6","97","RPL Control (DODAG Information Object)"
"2945","23.280578","fe80::c30c:0:0:9","ff02::1a","ICMPv6","97","RPL Control (DODAG Information Object)"
"2946","23.283039","fe80::c30c:0:0:4","fe80::c30c:0:0:1","ICMPv6","102","RPL Control (DODAG Information Object)"
"2947","23.284911","fe80::c30c:0:0:9","ff02::1a","ICMPv6","97","RPL Control (DODAG Information Object)"
"2948","23.287173","fe80::c30c:0:0:4","fe80::c30c:0:0:1","ICMPv6","102","RPL Control (DODAG Information Object)"
"2949","23.289246","fe80::c30c:0:0:9","ff02::1a","ICMPv6","97","RPL Control (DODAG Information Object)"
"2950","23.291323","fe80::c30c:0:0:4","fe80::c30c:0:0:1","ICMPv6","102","RPL Control (DODAG Information Object)"
"2951","23.293570","fe80::c30c:0:0:9","ff02::1a","ICMPv6","97","RPL Control (DODAG Information Object)"
"2952","23.295473","fe80::c30c:0:0:4","fe80::c30c:0:0:1","ICMPv6","102","RPL Control (DODAG Information Object)"
"2953","23.297902","fe80::c30c:0:0:9","ff02::1a","ICMPv6","97","RPL Control (DODAG Information Object)"
"2954","23.299624","fe80::c30c:0:0:4","fe80::c30c:0:0:1","ICMPv6","102","RPL Control (DODAG Information Object)"
"2955","23.302245","fe80::c30c:0:0:9","ff02::1a","ICMPv6","97","RPL Control (DODAG Information Object)"
"2956","23.303775","fe80::c30c:0:0:4","fe80::c30c:0:0:1","ICMPv6","102","RPL Control (DODAG Information Object)"
"2957","23.306580","fe80::c30c:0:0:9","ff02::1a","ICMPv6","97","RPL Control (DODAG Information Object)"
"2958","23.307924","fe80::c30c:0:0:4","fe80::c30c:0:0:1","ICMPv6","102","RPL Control (DODAG Information Object)"
"2959","23.310912","fe80::c30c:0:0:9","ff02::1a","ICMPv6","97","RPL Control (DODAG Information Object)"
"2960","23.312076","fe80::c30c:0:0:4","fe80::c30c:0:0:1","ICMPv6","102","RPL Control (DODAG Information Object)"
"2961","23.315247","fe80::c30c:0:0:9","ff02::1a","ICMPv6","97","RPL Control (DODAG Information Object)"
"2962","23.316226","fe80::c30c:0:0:4","fe80::c30c:0:0:1","ICMPv6","102","RPL Control (DODAG Information Object)"
"2963","23.319579","fe80::c30c:0:0:9","ff02::1a","ICMPv6","97","RPL Control (DODAG Information Object)"
"2964","23.320376","fe80::c30c:0:0:4","fe80::c30c:0:0:1","ICMPv6","102","RPL Control (DODAG Information Object)"
"2965","23.323914","fe80::c30c:0:0:9","ff02::1a","ICMPv6","97","RPL Control (DODAG Information Object)"
"2966","23.324526","fe80::c30c:0:0:4","fe80::c30c:0:0:1","ICMPv6","102","RPL Control (DODAG Information Object)"
"2967","23.328246","fe80::c30c:0:0:9","ff02::1a","ICMPv6","97","RPL Control (DODAG Information Object)"
"2968","23.328678","fe80::c30c:0:0:4","fe80::c30c:0:0:1","ICMPv6","102","RPL Control (DODAG Information Object)"
"2969","23.332570","fe80::c30c:0:0:9","ff02::1a","ICMPv6","97","RPL Control (DODAG Information Object)"
"2970","23.332828","fe80::c30c:0:0:4","fe80::c30c:0:0:1","ICMPv6","102","RPL Control (DODAG Information Object)"
"2971","23.336905","fe80::c30c:0:0:9","ff02::1a","ICMPv6","97","RPL Control (DODAG Information Object)"
"2972","23.336979","fe80::c30c:0:0:4","fe80::c30c:0:0:1","ICMPv6","102","RPL Control (DODAG Information Object)"
"2973","23.341129","fe80::c30c:0:0:4","fe80::c30c:0:0:1","ICMPv6","102","RPL Control (DODAG Information Object)"
"2974","23.345279","fe80::c30c:0:0:4","fe80::c30c:0:0:1","ICMPv6","102","RPL Control (DODAG Information Object)"
"2975","23.349429","fe80::c30c:0:0:4","fe80::c30c:0:0:1","ICMPv6","102","RPL Control (DODAG Information Object)"
"2976","23.353580","fe80::c30c:0:0:4","fe80::c30c:0:0:1","ICMPv6","102","RPL Control (DODAG Information Object)"
"2977","23.357730","fe80::c30c:0:0:4","fe80::c30c:0:0:1","ICMPv6","102","RPL Control (DODAG Information Object)"
"2978","23.361881","fe80::c30c:0:0:4","fe80::c30c:0:0:1","ICMPv6","102","RPL Control (DODAG Information Object)"
"2979","23.366030","fe80::c30c:0:0:4","fe80::c30c:0:0:1","ICMPv6","102","RPL Control (DODAG Information Object)"
"2980","23.370181","fe80::c30c:0:0:4","fe80::c30c:0:0:1","ICMPv6","102","RPL Control (DODAG Information Object)"
"2981","23.374331","fe80::c30c:0:0:4","fe80::c30c:0:0:1","ICMPv6","102","RPL Control (DODAG Information Object)"
"2982","23.378482","fe80::c30c:0:0:4","fe80::c30c:0:0:1","ICMPv6","102","RPL Control (DODAG Information Object)"
"2983","23.382633","fe80::c30c:0:0:4","fe80::c30c:0:0:1","ICMPv6","102","RPL Control (DODAG Information Object)"
"2984","23.386304","","","IEEE 802.15.4","5","Ack"
"2985","25.073794","fe80::c30c:0:0:6","ff02::1a","ICMPv6","97","RPL Control (DODAG Information Object)"
"2986","25.078118","fe80::c30c:0:0:6","ff02::1a","ICMPv6","97","RPL Control (DODAG Information Object)"
"2987","25.082492","fe80::c30c:0:0:6","ff02::1a","ICMPv6","97","RPL Control (DODAG Information Object)"
"2988","25.086825","fe80::c30c:0:0:6","ff02::1a","ICMPv6","97","RPL Control (DODAG Information Object)"
"2989","25.091159","fe80::c30c:0:0:6","ff02::1a","ICMPv6","97","RPL Control (DODAG Information Object)"
"2990","25.095493","fe80::c30c:0:0:6","ff02::1a","ICMPv6","97","RPL Control (DODAG Information Object)"
"2991","25.099826","fe80::c30c:0:0:6","ff02::1a","ICMPv6","97","RPL Control (DODAG Information Object)"
"2992","25.104159","fe80::c30c:0:0:6","ff02::1a","ICMPv6","97","RPL Control (DODAG Information Object)"
"2993","25.108494","fe80::c30c:0:0:6","ff02::1a","ICMPv6","97","RPL Control (DODAG Information Object)"
"2994","25.112826","fe80::c30c:0:0:6","ff02::1a","ICMPv6","97","RPL Control (DODAG Information Object)"
"2995","25.117159","fe80::c30c:0:0:6","ff02::1a","ICMPv6","97","RPL Control (DODAG Information Object)"
"2996","25.121491","fe80::c30c:0:0:6","ff02::1a","ICMPv6","97","RPL Control (DODAG Information Object)"
"2997","25.125876","fe80::c30c:0:0:6","ff02::1a","ICMPv6","97","RPL Control (DODAG Information Object)"
"2998","25.130192","fe80::c30c:0:0:6","ff02::1a","ICMPv6","97","RPL Control (DODAG Information Object)"
"2999","25.134524","fe80::c30c:0:0:6","ff02::1a","ICMPv6","97","RPL Control (DODAG Information Object)"
"3000","25.138857","fe80::c30c:0:0:6","ff02::1a","ICMPv6","97","RPL Control (DODAG Information Object)"
"3001","25.143191","fe80::c30c:0:0:6","ff02::1a","ICMPv6","97","RPL Control (DODAG Information Object)"
"3002","25.147516","fe80::c30c:0:0:6","ff02::1a","ICMPv6","97","RPL Control (DODAG Information Object)"
"3003","25.151859","fe80::c30c:0:0:6","ff02::1a","ICMPv6","97","RPL Control (DODAG Information Object)"
"3004","25.156182","fe80::c30c:0:0:6","ff02::1a","ICMPv6","97","RPL Control (DODAG Information Object)"
"3005","25.160522","fe80::c30c:0:0:6","ff02::1a","ICMPv6","97","RPL Control (DODAG Information Object)"
"3006","25.164850","fe80::c30c:0:0:6","ff02::1a","ICMPv6","97","RPL Control (DODAG Information Object)"
"3007","25.169192","fe80::c30c:0:0:6","ff02::1a","ICMPv6","97","RPL Control (DODAG Information Object)"
"3008","25.173527","fe80::c30c:0:0:6","ff02::1a","ICMPv6","97","RPL Control (DODAG Information Object)"
"3009","25.177859","fe80::c30c:0:0:6","ff02::1a","ICMPv6","97","RPL Control (DODAG Information Object)"
"3010","25.182194","fe80::c30c:0:0:6","ff02::1a","ICMPv6","97","RPL Control (DODAG Information Object)"
"3011","25.186527","fe80::c30c:0:0:6","ff02::1a","ICMPv6","97","RPL Control (DODAG Information Object)"
"3012","25.190859","fe80::c30c:0:0:6","ff02::1a","ICMPv6","97","RPL Control (DODAG Information Object)"
"3013","25.195185","fe80::c30c:0:0:6","ff02::1a","ICMPv6","97","RPL Control (DODAG Information Object)"
"3014","25.199521","fe80::c30c:0:0:6","ff02::1a","ICMPv6","97","RPL Control (DODAG Information Object)"
"3015","25.617218","fe80::c30c:0:0:6","fe80::c30c:0:0:7","ICMPv6","76","RPL Control (Destination Advertisement Object)"
"3016","25.620533","fe80::c30c:0:0:6","fe80::c30c:0:0:7","ICMPv6","76","RPL Control (Destination Advertisement Object)"
"3017","25.623859","fe80::c30c:0:0:6","fe80::c30c:0:0:7","ICMPv6","76","RPL Control (Destination Advertisement Object)"
"3018","25.627184","fe80::c30c:0:0:6","fe80::c30c:0:0:7","ICMPv6","76","RPL Control (Destination Advertisement Object)"
"3019","25.630481","fe80::c30c:0:0:6","fe80::c30c:0:0:7","ICMPv6","76","RPL Control (Destination Advertisement Object)"
"3020","25.633806","fe80::c30c:0:0:6","fe80::c30c:0:0:7","ICMPv6","76","RPL Control (Destination Advertisement Object)"
"3021","25.637132","fe80::c30c:0:0:6","fe80::c30c:0:0:7","ICMPv6","76","RPL Control (Destination Advertisement Object)"
"3022","25.640430","fe80::c30c:0:0:6","fe80::c30c:0:0:7","ICMPv6","76","RPL Control (Destination Advertisement Object)"
"3023","25.643755","fe80::c30c:0:0:6","fe80::c30c:0:0:7","ICMPv6","76","RPL Control (Destination Advertisement Object)"
"3024","25.647082","fe80::c30c:0:0:6","fe80::c30c:0:0:7","ICMPv6","76","RPL Control (Destination Advertisement Object)"
"3025","25.650378","fe80::c30c:0:0:6","fe80::c30c:0:0:7","ICMPv6","76","RPL Control (Destination Advertisement Object)"
"3026","25.653705","fe80::c30c:0:0:6","fe80::c30c:0:0:7","ICMPv6","76","RPL Control (Destination Advertisement Object)"
"3027","25.656546","","","IEEE 802.15.4","5","Ack"
"3028","25.673837","fe80::c30c:0:0:1","ff02::1a","ICMPv6","97","RPL Control (DODAG Information Object)"
"3029","25.678175","fe80::c30c:0:0:1","ff02::1a","ICMPv6","97","RPL Control (DODAG Information Object)"
"3030","25.682498","fe80::c30c:0:0:1","ff02::1a","ICMPv6","97","RPL Control (DODAG Information Object)"
"3031","25.686841","fe80::c30c:0:0:1","ff02::1a","ICMPv6","97","RPL Control (DODAG Information Object)"
"3032","25.691115","fe80::c30c:0:0:7","fe80::c30c:0:0:3","ICMPv6","76","RPL Control (Destination Advertisement Object)"
"3033","25.691176","fe80::c30c:0:0:1","ff02::1a","ICMPv6","97","RPL Control (DODAG Information Object)"
"3034","25.694436","fe80::c30c:0:0:7","fe80::c30c:0:0:3","ICMPv6","76","RPL Control (Destination Advertisement Object)"
"3035","25.695508","fe80::c30c:0:0:1","ff02::1a","ICMPv6","97","RPL Control (DODAG Information Object)"
"3036","25.697764","fe80::c30c:0:0:7","fe80::c30c:0:0:3","ICMPv6","76","RPL Control (Destination Advertisement Object)"
"3037","25.699841","fe80::c30c:0:0:1","ff02::1a","ICMPv6","97","RPL Control (DODAG Information Object)"
"3038","25.701090","fe80::c30c:0:0:7","fe80::c30c:0:0:3","ICMPv6","76","RPL Control (Destination Advertisement Object)"
"3039","25.704415","fe80::c30c:0:0:7","fe80::c30c:0:0:3","ICMPv6","76","RPL Control (Destination Advertisement Object)"
"3040","25.704175","fe80::c30c:0:0:1","ff02::1a","ICMPv6","97","RPL Control (DODAG Information Object)"
"3041","25.707711","fe80::c30c:0:0:7","fe80::c30c:0:0:3","ICMPv6","76","RPL Control (Destination Advertisement Object)"
"3042","25.708510","fe80::c30c:0:0:1","ff02::1a","ICMPv6","97","RPL Control (DODAG Information Object)"
"3043","25.711038","fe80::c30c:0:0:7","fe80::c30c:0:0:3","ICMPv6","76","RPL Control (Destination Advertisement Object)"
"3044","25.712842","fe80::c30c:0:0:1","ff02::1a","ICMPv6","97","RPL Control (DODAG Information Object)"
"3045","25.714365","fe80::c30c:0:0:7","fe80::c30c:0:0:3","ICMPv6","76","RPL Control (Destination Advertisement Object)"
"3046","25.717703","fe80::c30c:0:0:7","fe80::c30c:0:0:3","ICMPv6","76","RPL Control (Destination Advertisement Object)"
"3047","25.717176","fe80::c30c:0:0:1","ff02::1a","ICMPv6","97","RPL Control (DODAG Information Object)"
"3048","25.721018","fe80::c30c:0:0:7","fe80::c30c:0:0:3","ICMPv6","76","RPL Control (Destination Advertisement Object)"
"3049","25.721542","fe80::c30c:0:0:1","ff02::1a","ICMPv6","97","RPL Control (DODAG Information Object)"
"3050","25.724344","fe80::c30c:0:0:7","fe80::c30c:0:0:3","ICMPv6","76","RPL Control (Destination Advertisement Object)"
"3051","25.725874","fe80::c30c:0:0:1","ff02::1a","ICMPv6","97","RPL Control (DODAG Information Object)"
"3052","25.727671","fe80::c30c:0:0:7","fe80::c30c:0:0:3","ICMPv6","76","RPL Control (Destination Advertisement Object)"
"3053","25.730207","fe80::c30c:0:0:1","ff02::1a","ICMPv6","97","RPL Control (DODAG Information Object)"
"3054","25.730997","fe80::c30c:0:0:7","fe80::c30c:0:0:3","ICMPv6","76","RPL Control (Destination Advertisement Object)"
"3055","25.734322","fe80::c30c:0:0:7","fe80::c30c:0:0:3","ICMPv6","76","RPL Control (Destination Advertisement Object)"
"3056","25.734541","fe80::c30c:0:0:1","ff02::1a","ICMPv6","97","RPL Control (DODAG Information Object)"
"3057","25.737649","fe80::c30c:0:0:7","fe80::c30c:0:0:3","ICMPv6","76","RPL Control (Destination Advertisement Object)"
"3058","25.738875","fe80::c30c:0:0:1","ff02::1a","ICMPv6","97","RPL Control (DODAG Information Object)"
"3059","25.740976","fe80::c30c:0:0:7","fe80::c30c:0:0:3","ICMPv6","76","RPL Control (Destination Advertisement Object)"
"3060","25.743197","fe80::c30c:0:0:1","ff02::1a","ICMPv6","97","RPL Control (DODAG Information Object)"
"3061","25.744302","fe80::c30c:0:0:7","fe80::c30c:0:0:3","ICMPv6","76","RPL Control (Destination Advertisement Object)"
"3062","25.747629","fe80::c30c:0:0:7","fe80::c30c:0:0:3","ICMPv6","76","RPL Control (Destination Advertisement Object)"
"3063","25.747541","fe80::c30c:0:0:1","ff02::1a","ICMPv6","97","RPL Control (DODAG Information Object)"
"3064","25.750956","fe80::c30c:0:0:7","fe80::c30c:0:0:3","ICMPv6","76","RPL Control (Destination Advertisement Object)"
"3065","25.751875","fe80::c30c:0:0:1","ff02::1a","ICMPv6","97","RPL Control (DODAG Information Object)"
"3066","25.754280","fe80::c30c:0:0:7","fe80::c30c:0:0:3","ICMPv6","76","RPL Control (Destination Advertisement Object)"
"3067","25.756209","fe80::c30c:0:0:1","ff02::1a","ICMPv6","97","RPL Control (DODAG Information Object)"
"3068","25.757607","fe80::c30c:0:0:7","fe80::c30c:0:0:3","ICMPv6","76","RPL Control (Destination Advertisement Object)"
"3069","25.760935","fe80::c30c:0:0:7","fe80::c30c:0:0:3","ICMPv6","76","RPL Control (Destination Advertisement Object)"
"3070","25.760542","fe80::c30c:0:0:1","ff02::1a","ICMPv6","97","RPL Control (DODAG Information Object)"
"3071","25.764261","fe80::c30c:0:0:7","fe80::c30c:0:0:3","ICMPv6","76","RPL Control (Destination Advertisement Object)"
"3072","25.764874","fe80::c30c:0:0:1","ff02::1a","ICMPv6","97","RPL Control (DODAG Information Object)"
"3073","25.767588","fe80::c30c:0:0:7","fe80::c30c:0:0:3","ICMPv6","76","RPL Control (Destination Advertisement Object)"
"3074","25.769229","fe80::c30c:0:0:1","ff02::1a","ICMPv6","97","RPL Control (DODAG Information Object)"
"3075","25.770913","fe80::c30c:0:0:7","fe80::c30c:0:0:3","ICMPv6","76","RPL Control (Destination Advertisement Object)"
"3076","25.774239","fe80::c30c:0:0:7","fe80::c30c:0:0:3","ICMPv6","76","RPL Control (Destination Advertisement Object)"
"3077","25.773572","fe80::c30c:0:0:1","ff02::1a","ICMPv6","97","RPL Control (DODAG Information Object)"
"3078","25.777596","fe80::c30c:0:0:7","fe80::c30c:0:0:3","ICMPv6","76","RPL Control (Destination Advertisement Object)"
"3079","25.777907","fe80::c30c:0:0:1","ff02::1a","ICMPv6","97","RPL Control (DODAG Information Object)"
"3080","25.780892","fe80::c30c:0:0:7","fe80::c30c:0:0:3","ICMPv6","76","RPL Control (Destination Advertisement Object)"
"3081","25.782239","fe80::c30c:0:0:1","ff02::1a","ICMPv6","97","RPL Control (DODAG Information Object)"
"3082","25.784220","fe80::c30c:0:0:7","fe80::c30c:0:0:3","ICMPv6","76","RPL Control (Destination Advertisement Object)"
"3083","25.786573","fe80::c30c:0:0:1","ff02::1a","ICMPv6","97","RPL Control (DODAG Information Object)"
"3084","25.787546","fe80::c30c:0:0:7","fe80::c30c:0:0:3","ICMPv6","76","RPL Control (Destination Advertisement Object)"
"3085","25.790872","fe80::c30c:0:0:7","fe80::c30c:0:0:3","ICMPv6","76","RPL Control (Destination Advertisement Object)"
"3086","25.790907","fe80::c30c:0:0:1","ff02::1a","ICMPv6","97","RPL Control (DODAG Information Object)"
"3087","25.794199","fe80::c30c:0:0:7","fe80::c30c:0:0:3","ICMPv6","76","RPL Control (Destination Advertisement Object)"
"3088","25.795241","fe80::c30c:0:0:1","ff02::1a","ICMPv6","97","RPL Control (DODAG Information Object)"
"3089","25.797525","fe80::c30c:0:0:7","fe80::c30c:0:0:3","ICMPv6","76","RPL Control (Destination Advertisement Object)"
"3090","25.799573","fe80::c30c:0:0:1","ff02::1a","ICMPv6","97","RPL Control (DODAG Information Object)"
"3091","25.800850","fe80::c30c:0:0:7","fe80::c30c:0:0:3","ICMPv6","76","RPL Control (Destination Advertisement Object)"
"3092","25.804177","fe80::c30c:0:0:7","fe80::c30c:0:0:3","ICMPv6","76","RPL Control (Destination Advertisement Object)"
"3093","25.807473","fe80::c30c:0:0:7","fe80::c30c:0:0:3","ICMPv6","76","RPL Control (Destination Advertisement Object)"
"3094","25.810801","fe80::c30c:0:0:7","fe80::c30c:0:0:3","ICMPv6","76","RPL Control (Destination Advertisement Object)"
"3095","25.814127","fe80::c30c:0:0:7","fe80::c30c:0:0:3","ICMPv6","76","RPL Control (Destination Advertisement Object)"
"3096","25.817453","fe80::c30c:0:0:7","fe80::c30c:0:0:3","ICMPv6","76","RPL Control (Destination Advertisement Object)"
"3097","25.827630","fe80::c30c:0:0:7","fe80::c30c:0:0:3","ICMPv6","76","RPL Control (Destination Advertisement Object)"
"3098","25.830942","fe80::c30c:0:0:7","fe80::c30c:0:0:3","ICMPv6","76","RPL Control (Destination Advertisement Object)"
"3099","25.834269","fe80::c30c:0:0:7","fe80::c30c:0:0:3","ICMPv6","76","RPL Control (Destination Advertisement Object)"
"3100","25.837595","fe80::c30c:0:0:7","fe80::c30c:0:0:3","ICMPv6","76","RPL Control (Destination Advertisement Object)"
"3101","25.840921","fe80::c30c:0:0:7","fe80::c30c:0:0:3","ICMPv6","76","RPL Control (Destination Advertisement Object)"
"3102","25.844248","fe80::c30c:0:0:7","fe80::c30c:0:0:3","ICMPv6","76","RPL Control (Destination Advertisement Object)"
"3103","25.847574","fe80::c30c:0:0:7","fe80::c30c:0:0:3","ICMPv6","76","RPL Control (Destination Advertisement Object)"
"3104","25.850931","fe80::c30c:0:0:7","fe80::c30c:0:0:3","ICMPv6","76","RPL Control (Destination Advertisement Object)"
"3105","25.854257","fe80::c30c:0:0:7","fe80::c30c:0:0:3","ICMPv6","76","RPL Control (Destination Advertisement Object)"
"3106","25.857582","fe80::c30c:0:0:7","fe80::c30c:0:0:3","ICMPv6","76","RPL Control (Destination Advertisement Object)"
"3107","25.860909","fe80::c30c:0:0:7","fe80::c30c:0:0:3","ICMPv6","76","RPL Control (Destination Advertisement Object)"
"3108","25.864206","fe80::c30c:0:0:7","fe80::c30c:0:0:3","ICMPv6","76","RPL Control (Destination Advertisement Object)"
"3109","25.867533","fe80::c30c:0:0:7","fe80::c30c:0:0:3","ICMPv6","76","RPL Control (Destination Advertisement Object)"
"3110","25.870857","fe80::c30c:0:0:7","fe80::c30c:0:0:3","ICMPv6","76","RPL Control (Destination Advertisement Object)"
"3111","25.874184","fe80::c30c:0:0:7","fe80::c30c:0:0:3","ICMPv6","76","RPL Control (Destination Advertisement Object)"
"3112","25.877480","fe80::c30c:0:0:7","fe80::c30c:0:0:3","ICMPv6","76","RPL Control (Destination Advertisement Object)"
"3113","25.880808","fe80::c30c:0:0:7","fe80::c30c:0:0:3","ICMPv6","76","RPL Control (Destination Advertisement Object)"
"3114","25.884134","fe80::c30c:0:0:7","fe80::c30c:0:0:3","ICMPv6","76","RPL Control (Destination Advertisement Object)"
"3115","25.887459","fe80::c30c:0:0:7","fe80::c30c:0:0:3","ICMPv6","76","RPL Control (Destination Advertisement Object)"
"3116","25.890787","fe80::c30c:0:0:7","fe80::c30c:0:0:3","ICMPv6","76","RPL Control (Destination Advertisement Object)"
"3117","25.894113","fe80::c30c:0:0:7","fe80::c30c:0:0:3","ICMPv6","76","RPL Control (Destination Advertisement Object)"
"3118","25.897439","fe80::c30c:0:0:7","fe80::c30c:0:0:3","ICMPv6","76","RPL Control (Destination Advertisement Object)"
"3119","25.900766","fe80::c30c:0:0:7","fe80::c30c:0:0:3","ICMPv6","76","RPL Control (Destination Advertisement Object)"
"3120","25.903609","","","IEEE 802.15.4","5","Ack"
"3121","25.938023","fe80::c30c:0:0:3","fe80::c30c:0:0:b","ICMPv6","76","RPL Control (Destination Advertisement Object)"
"3122","25.941336","fe80::c30c:0:0:3","fe80::c30c:0:0:b","ICMPv6","76","RPL Control (Destination Advertisement Object)"
"3123","25.944178","","","IEEE 802.15.4","5","Ack"
"3124","25.979785","fe80::c30c:0:0:b","fe80::c30c:0:0:1","ICMPv6","76","RPL Control (Destination Advertisement Object)"
"3125","25.983096","fe80::c30c:0:0:b","fe80::c30c:0:0:1","ICMPv6","76","RPL Control (Destination Advertisement Object)"
"3126","25.986423","fe80::c30c:0:0:b","fe80::c30c:0:0:1","ICMPv6","76","RPL Control (Destination Advertisement Object)"
"3127","25.989748","fe80::c30c:0:0:b","fe80::c30c:0:0:1","ICMPv6","76","RPL Control (Destination Advertisement Object)"
"3128","25.993075","fe80::c30c:0:0:b","fe80::c30c:0:0:1","ICMPv6","76","RPL Control (Destination Advertisement Object)"
"3129","25.996402","fe80::c30c:0:0:b","fe80::c30c:0:0:1","ICMPv6","76","RPL Control (Destination Advertisement Object)"
"3130","25.999728","fe80::c30c:0:0:b","fe80::c30c:0:0:1","ICMPv6","76","RPL Control (Destination Advertisement Object)"
"3131","26.003054","fe80::c30c:0:0:b","fe80::c30c:0:0:1","ICMPv6","76","RPL Control (Destination Advertisement Object)"
"3132","26.006388","fe80::c30c:0:0:b","fe80::c30c:0:0:1","ICMPv6","76","RPL Control (Destination Advertisement Object)"
"3133","26.009708","fe80::c30c:0:0:b","fe80::c30c:0:0:1","ICMPv6","76","RPL Control (Destination Advertisement Object)"
"3134","26.012549","","","IEEE 802.15.4","5","Ack"
"3135","26.085652","fe80::c30c:0:0:9","fe80::c30c:0:0:7","ICMPv6","76","RPL Control (Destination Advertisement Object)"
"3136","26.088974","fe80::c30c:0:0:9","fe80::c30c:0:0:7","ICMPv6","76","RPL Control (Destination Advertisement Object)"
"3137","26.092300","fe80::c30c:0:0:9","fe80::c30c:0:0:7","ICMPv6","76","RPL Control (Destination Advertisement Object)"
"3138","26.095627","fe80::c30c:0:0:9","fe80::c30c:0:0:7","ICMPv6","76","RPL Control (Destination Advertisement Object)"
"3139","26.098951","fe80::c30c:0:0:9","fe80::c30c:0:0:7","ICMPv6","76","RPL Control (Destination Advertisement Object)"
"3140","26.102248","fe80::c30c:0:0:9","fe80::c30c:0:0:7","ICMPv6","76","RPL Control (Destination Advertisement Object)"
"3141","26.105575","fe80::c30c:0:0:9","fe80::c30c:0:0:7","ICMPv6","76","RPL Control (Destination Advertisement Object)"
"3142","26.108900","fe80::c30c:0:0:9","fe80::c30c:0:0:7","ICMPv6","76","RPL Control (Destination Advertisement Object)"
"3143","26.112227","fe80::c30c:0:0:9","fe80::c30c:0:0:7","ICMPv6","76","RPL Control (Destination Advertisement Object)"
"3144","26.115554","fe80::c30c:0:0:9","fe80::c30c:0:0:7","ICMPv6","76","RPL Control (Destination Advertisement Object)"
"3145","26.118881","fe80::c30c:0:0:9","fe80::c30c:0:0:7","ICMPv6","76","RPL Control (Destination Advertisement Object)"
"3146","26.122206","fe80::c30c:0:0:9","fe80::c30c:0:0:7","ICMPv6","76","RPL Control (Destination Advertisement Object)"
"3147","26.125503","fe80::c30c:0:0:9","fe80::c30c:0:0:7","ICMPv6","76","RPL Control (Destination Advertisement Object)"
"3148","26.128829","fe80::c30c:0:0:9","fe80::c30c:0:0:7","ICMPv6","76","RPL Control (Destination Advertisement Object)"
"3149","26.132154","fe80::c30c:0:0:9","fe80::c30c:0:0:7","ICMPv6","76","RPL Control (Destination Advertisement Object)"
"3150","26.135452","fe80::c30c:0:0:9","fe80::c30c:0:0:7","ICMPv6","76","RPL Control (Destination Advertisement Object)"
"3151","26.138778","fe80::c30c:0:0:9","fe80::c30c:0:0:7","ICMPv6","76","RPL Control (Destination Advertisement Object)"
"3152","26.142104","fe80::c30c:0:0:9","fe80::c30c:0:0:7","ICMPv6","76","RPL Control (Destination Advertisement Object)"
"3153","26.145430","fe80::c30c:0:0:9","fe80::c30c:0:0:7","ICMPv6","76","RPL Control (Destination Advertisement Object)"
"3154","26.148727","fe80::c30c:0:0:9","fe80::c30c:0:0:7","ICMPv6","76","RPL Control (Destination Advertisement Object)"
"3155","26.152053","fe80::c30c:0:0:9","fe80::c30c:0:0:7","ICMPv6","76","RPL Control (Destination Advertisement Object)"
"3156","26.154894","","","IEEE 802.15.4","5","Ack"
"3157","26.189659","fe80::c30c:0:0:7","fe80::c30c:0:0:3","ICMPv6","76","RPL Control (Destination Advertisement Object)"
"3158","26.192971","fe80::c30c:0:0:7","fe80::c30c:0:0:3","ICMPv6","76","RPL Control (Destination Advertisement Object)"
"3159","26.196297","fe80::c30c:0:0:7","fe80::c30c:0:0:3","ICMPv6","76","RPL Control (Destination Advertisement Object)"
"3160","26.199593","fe80::c30c:0:0:7","fe80::c30c:0:0:3","ICMPv6","76","RPL Control (Destination Advertisement Object)"
"3161","26.202921","fe80::c30c:0:0:7","fe80::c30c:0:0:3","ICMPv6","76","RPL Control (Destination Advertisement Object)"
"3162","26.206247","fe80::c30c:0:0:7","fe80::c30c:0:0:3","ICMPv6","76","RPL Control (Destination Advertisement Object)"
"3163","26.209572","fe80::c30c:0:0:7","fe80::c30c:0:0:3","ICMPv6","76","RPL Control (Destination Advertisement Object)"
"3164","26.212900","fe80::c30c:0:0:7","fe80::c30c:0:0:3","ICMPv6","76","RPL Control (Destination Advertisement Object)"
"3165","26.216225","fe80::c30c:0:0:7","fe80::c30c:0:0:3","ICMPv6","76","RPL Control (Destination Advertisement Object)"
"3166","26.219553","fe80::c30c:0:0:7","fe80::c30c:0:0:3","ICMPv6","76","RPL Control (Destination Advertisement Object)"
"3167","26.222879","fe80::c30c:0:0:7","fe80::c30c:0:0:3","ICMPv6","76","RPL Control (Destination Advertisement Object)"
"3168","26.226205","fe80::c30c:0:0:7","fe80::c30c:0:0:3","ICMPv6","76","RPL Control (Destination Advertisement Object)"
"3169","26.229501","fe80::c30c:0:0:7","fe80::c30c:0:0:3","ICMPv6","76","RPL Control (Destination Advertisement Object)"
"3170","26.232828","fe80::c30c:0:0:7","fe80::c30c:0:0:3","ICMPv6","76","RPL Control (Destination Advertisement Object)"
"3171","26.236155","fe80::c30c:0:0:7","fe80::c30c:0:0:3","ICMPv6","76","RPL Control (Destination Advertisement Object)"
"3172","26.239481","fe80::c30c:0:0:7","fe80::c30c:0:0:3","ICMPv6","76","RPL Control (Destination Advertisement Object)"
"3173","26.242806","fe80::c30c:0:0:7","fe80::c30c:0:0:3","ICMPv6","76","RPL Control (Destination Advertisement Object)"
"3174","26.246134","fe80::c30c:0:0:7","fe80::c30c:0:0:3","ICMPv6","76","RPL Control (Destination Advertisement Object)"
"3175","26.249460","fe80::c30c:0:0:7","fe80::c30c:0:0:3","ICMPv6","76","RPL Control (Destination Advertisement Object)"
"3176","26.252785","fe80::c30c:0:0:7","fe80::c30c:0:0:3","ICMPv6","76","RPL Control (Destination Advertisement Object)"
"3177","26.256082","fe80::c30c:0:0:7","fe80::c30c:0:0:3","ICMPv6","76","RPL Control (Destination Advertisement Object)"
"3178","26.259408","fe80::c30c:0:0:7","fe80::c30c:0:0:3","ICMPv6","76","RPL Control (Destination Advertisement Object)"
"3179","26.262735","fe80::c30c:0:0:7","fe80::c30c:0:0:3","ICMPv6","76","RPL Control (Destination Advertisement Object)"
"3180","26.266060","fe80::c30c:0:0:7","fe80::c30c:0:0:3","ICMPv6","76","RPL Control (Destination Advertisement Object)"
"3181","26.269357","fe80::c30c:0:0:7","fe80::c30c:0:0:3","ICMPv6","76","RPL Control (Destination Advertisement Object)"
"3182","26.272682","fe80::c30c:0:0:7","fe80::c30c:0:0:3","ICMPv6","76","RPL Control (Destination Advertisement Object)"
"3183","26.275980","fe80::c30c:0:0:7","fe80::c30c:0:0:3","ICMPv6","76","RPL Control (Destination Advertisement Object)"
"3184","26.278822","","","IEEE 802.15.4","5","Ack"
"3185","26.314212","fe80::c30c:0:0:3","fe80::c30c:0:0:b","ICMPv6","76","RPL Control (Destination Advertisement Object)"
"3186","26.317526","fe80::c30c:0:0:3","fe80::c30c:0:0:b","ICMPv6","76","RPL Control (Destination Advertisement Object)"
"3187","26.320367","","","IEEE 802.15.4","5","Ack"
"3188","26.356431","fe80::c30c:0:0:b","fe80::c30c:0:0:1","ICMPv6","76","RPL Control (Destination Advertisement Object)"
"3189","26.359745","fe80::c30c:0:0:b","fe80::c30c:0:0:1","ICMPv6","76","RPL Control (Destination Advertisement Object)"
"3190","26.363069","fe80::c30c:0:0:b","fe80::c30c:0:0:1","ICMPv6","76","RPL Control (Destination Advertisement Object)"
"3191","26.366396","fe80::c30c:0:0:b","fe80::c30c:0:0:1","ICMPv6","76","RPL Control (Destination Advertisement Object)"
"3192","26.369692","fe80::c30c:0:0:b","fe80::c30c:0:0:1","ICMPv6","76","RPL Control (Destination Advertisement Object)"
"3193","26.373020","fe80::c30c:0:0:b","fe80::c30c:0:0:1","ICMPv6","76","RPL Control (Destination Advertisement Object)"
"3194","26.376345","fe80::c30c:0:0:b","fe80::c30c:0:0:1","ICMPv6","76","RPL Control (Destination Advertisement Object)"
"3195","26.379673","fe80::c30c:0:0:b","fe80::c30c:0:0:1","ICMPv6","76","RPL Control (Destination Advertisement Object)"
"3196","26.382999","fe80::c30c:0:0:b","fe80::c30c:0:0:1","ICMPv6","76","RPL Control (Destination Advertisement Object)"
"3197","26.385840","","","IEEE 802.15.4","5","Ack"
"3198","28.959877","fe80::c30c:0:0:5","ff02::1a","ICMPv6","97","RPL Control (DODAG Information Object)"
"3199","28.964214","fe80::c30c:0:0:5","ff02::1a","ICMPv6","97","RPL Control (DODAG Information Object)"
"3200","28.968545","fe80::c30c:0:0:5","ff02::1a","ICMPv6","97","RPL Control (DODAG Information Object)"
"3201","28.972882","fe80::c30c:0:0:5","ff02::1a","ICMPv6","97","RPL Control (DODAG Information Object)"
"3202","28.977215","fe80::c30c:0:0:5","ff02::1a","ICMPv6","97","RPL Control (DODAG Information Object)"
"3203","28.981549","fe80::c30c:0:0:5","ff02::1a","ICMPv6","97","RPL Control (DODAG Information Object)"
"3204","28.985882","fe80::c30c:0:0:5","ff02::1a","ICMPv6","97","RPL Control (DODAG Information Object)"
"3205","28.990214","fe80::c30c:0:0:5","ff02::1a","ICMPv6","97","RPL Control (DODAG Information Object)"
"3206","28.994548","fe80::c30c:0:0:5","ff02::1a","ICMPv6","97","RPL Control (DODAG Information Object)"
"3207","28.998873","fe80::c30c:0:0:5","ff02::1a","ICMPv6","97","RPL Control (DODAG Information Object)"
"3208","29.003205","fe80::c30c:0:0:5","ff02::1a","ICMPv6","97","RPL Control (DODAG Information Object)"
"3209","29.007560","fe80::c30c:0:0:5","ff02::1a","ICMPv6","97","RPL Control (DODAG Information Object)"
"3210","29.011873","fe80::c30c:0:0:5","ff02::1a","ICMPv6","97","RPL Control (DODAG Information Object)"
"3211","29.016207","fe80::c30c:0:0:5","ff02::1a","ICMPv6","97","RPL Control (DODAG Information Object)"
"3212","29.020549","fe80::c30c:0:0:5","ff02::1a","ICMPv6","97","RPL Control (DODAG Information Object)"
"3213","29.024883","fe80::c30c:0:0:5","ff02::1a","ICMPv6","97","RPL Control (DODAG Information Object)"
"3214","29.029217","fe80::c30c:0:0:5","ff02::1a","ICMPv6","97","RPL Control (DODAG Information Object)"
"3215","29.033551","fe80::c30c:0:0:5","ff02::1a","ICMPv6","97","RPL Control (DODAG Information Object)"
"3216","29.037874","fe80::c30c:0:0:5","ff02::1a","ICMPv6","97","RPL Control (DODAG Information Object)"
"3217","29.042208","fe80::c30c:0:0:5","ff02::1a","ICMPv6","97","RPL Control (DODAG Information Object)"
"3218","29.046550","fe80::c30c:0:0:5","ff02::1a","ICMPv6","97","RPL Control (DODAG Information Object)"
"3219","29.050873","fe80::c30c:0:0:5","ff02::1a","ICMPv6","97","RPL Control (DODAG Information Object)"
"3220","29.051198","fe80::c30c:0:0:2","ff02::1a","ICMPv6","97","RPL Control (DODAG Information Object)"
"3221","29.055249","fe80::c30c:0:0:5","ff02::1a","ICMPv6","97","RPL Control (DODAG Information Object)"
"3222","29.055535","fe80::c30c:0:0:2","ff02::1a","ICMPv6","97","RPL Control (DODAG Information Object)"
"3223","29.059571","fe80::c30c:0:0:5","ff02::1a","ICMPv6","97","RPL Control (DODAG Information Object)"
"3224","29.059866","fe80::c30c:0:0:2","ff02::1a","ICMPv6","97","RPL Control (DODAG Information Object)"
"3225","29.063904","fe80::c30c:0:0:5","ff02::1a","ICMPv6","97","RPL Control (DODAG Information Object)"
"3226","29.064203","fe80::c30c:0:0:2","ff02::1a","ICMPv6","97","RPL Control (DODAG Information Object)"
"3227","29.068248","fe80::c30c:0:0:5","ff02::1a","ICMPv6","97","RPL Control (DODAG Information Object)"
"3228","29.068537","fe80::c30c:0:0:2","ff02::1a","ICMPv6","97","RPL Control (DODAG Information Object)"
"3229","29.072583","fe80::c30c:0:0:5","ff02::1a","ICMPv6","97","RPL Control (DODAG Information Object)"
"3230","29.072870","fe80::c30c:0:0:2","ff02::1a","ICMPv6","97","RPL Control (DODAG Information Object)"
"3231","29.076905","fe80::c30c:0:0:5","ff02::1a","ICMPv6","97","RPL Control (DODAG Information Object)"
"3232","29.077204","fe80::c30c:0:0:2","ff02::1a","ICMPv6","97","RPL Control (DODAG Information Object)"
"3233","29.081249","fe80::c30c:0:0:5","ff02::1a","ICMPv6","97","RPL Control (DODAG Information Object)"
"3234","29.081526","fe80::c30c:0:0:2","ff02::1a","ICMPv6","97","RPL Control (DODAG Information Object)"
"3235","29.085582","fe80::c30c:0:0:5","ff02::1a","ICMPv6","97","RPL Control (DODAG Information Object)"
"3236","29.085870","fe80::c30c:0:0:2","ff02::1a","ICMPv6","97","RPL Control (DODAG Information Object)"
"3237","29.090203","fe80::c30c:0:0:2","ff02::1a","ICMPv6","97","RPL Control (DODAG Information Object)"
"3238","29.094526","fe80::c30c:0:0:2","ff02::1a","ICMPv6","97","RPL Control (DODAG Information Object)"
"3239","29.098882","fe80::c30c:0:0:2","ff02::1a","ICMPv6","97","RPL Control (DODAG Information Object)"
"3240","29.103205","fe80::c30c:0:0:2","ff02::1a","ICMPv6","97","RPL Control (DODAG Information Object)"
"3241","29.107529","fe80::c30c:0:0:2","ff02::1a","ICMPv6","97","RPL Control (DODAG Information Object)"
"3242","29.111862","fe80::c30c:0:0:2","ff02::1a","ICMPv6","97","RPL Control (DODAG Information Object)"
"3243","29.116204","fe80::c30c:0:0:2","ff02::1a","ICMPv6","97","RPL Control (DODAG Information Object)"
"3244","29.120539","fe80::c30c:0:0:2","ff02::1a","ICMPv6","97","RPL Control (DODAG Information Object)"
"3245","29.124872","fe80::c30c:0:0:2","ff02::1a","ICMPv6","97","RPL Control (DODAG Information Object)"
"3246","29.129195","fe80::c30c:0:0:2","ff02::1a","ICMPv6","97","RPL Control (DODAG Information Object)"
"3247","29.133539","fe80::c30c:0:0:2","ff02::1a","ICMPv6","97","RPL Control (DODAG Information Object)"
"3248","29.137873","fe80::c30c:0:0:2","ff02::1a","ICMPv6","97","RPL Control (DODAG Information Object)"
"3249","29.142205","fe80::c30c:0:0:2","ff02::1a","ICMPv6","97","RPL Control (DODAG Information Object)"
"3250","29.146570","fe80::c30c:0:0:2","ff02::1a","ICMPv6","97","RPL Control (DODAG Information Object)"
"3251","29.150893","fe80::c30c:0:0:2","ff02::1a","ICMPv6","97","RPL Control (DODAG Information Object)"
"3252","29.155226","fe80::c30c:0:0:2","ff02::1a","ICMPv6","97","RPL Control (DODAG Information Object)"
"3253","29.155624","fe80::c30c:0:0:4","ff02::1a","ICMPv6","97","RPL Control (DODAG Information Object)"
"3254","29.159570","fe80::c30c:0:0:2","ff02::1a","ICMPv6","97","RPL Control (DODAG Information Object)"
"3255","29.159961","fe80::c30c:0:0:4","ff02::1a","ICMPv6","97","RPL Control (DODAG Information Object)"
"3256","29.163904","fe80::c30c:0:0:2","ff02::1a","ICMPv6","97","RPL Control (DODAG Information Object)"
"3257","29.164292","fe80::c30c:0:0:4","ff02::1a","ICMPv6","97","RPL Control (DODAG Information Object)"
"3258","29.168227","fe80::c30c:0:0:2","ff02::1a","ICMPv6","97","RPL Control (DODAG Information Object)"
"3259","29.168629","fe80::c30c:0:0:4","ff02::1a","ICMPv6","97","RPL Control (DODAG Information Object)"
"3260","29.172571","fe80::c30c:0:0:2","ff02::1a","ICMPv6","97","RPL Control (DODAG Information Object)"
"3261","29.172962","fe80::c30c:0:0:4","ff02::1a","ICMPv6","97","RPL Control (DODAG Information Object)"
"3262","29.176904","fe80::c30c:0:0:2","ff02::1a","ICMPv6","97","RPL Control (DODAG Information Object)"
"3263","29.177296","fe80::c30c:0:0:4","ff02::1a","ICMPv6","97","RPL Control (DODAG Information Object)"
"3264","29.181629","fe80::c30c:0:0:4","ff02::1a","ICMPv6","97","RPL Control (DODAG Information Object)"
"3265","29.185952","fe80::c30c:0:0:4","ff02::1a","ICMPv6","97","RPL Control (DODAG Information Object)"
"3266","29.190264","fe80::c30c:0:0:4","ff02::1a","ICMPv6","97","RPL Control (DODAG Information Object)"
"3267","29.194598","fe80::c30c:0:0:4","ff02::1a","ICMPv6","97","RPL Control (DODAG Information Object)"
"3268","29.198923","fe80::c30c:0:0:4","ff02::1a","ICMPv6","97","RPL Control (DODAG Information Object)"
"3269","29.203297","fe80::c30c:0:0:4","ff02::1a","ICMPv6","97","RPL Control (DODAG Information Object)"
"3270","29.207629","fe80::c30c:0:0:4","ff02::1a","ICMPv6","97","RPL Control (DODAG Information Object)"
"3271","29.211964","fe80::c30c:0:0:4","ff02::1a","ICMPv6","97","RPL Control (DODAG Information Object)"
"3272","29.216297","fe80::c30c:0:0:4","ff02::1a","ICMPv6","97","RPL Control (DODAG Information Object)"
"3273","29.220619","fe80::c30c:0:0:4","ff02::1a","ICMPv6","97","RPL Control (DODAG Information Object)"
"3274","29.224953","fe80::c30c:0:0:4","ff02::1a","ICMPv6","97","RPL Control (DODAG Information Object)"
"3275","29.229298","fe80::c30c:0:0:4","ff02::1a","ICMPv6","97","RPL Control (DODAG Information Object)"
"3276","29.233620","fe80::c30c:0:0:4","ff02::1a","ICMPv6","97","RPL Control (DODAG Information Object)"
"3277","29.237964","fe80::c30c:0:0:4","ff02::1a","ICMPv6","97","RPL Control (DODAG Information Object)"
"3278","29.242298","fe80::c30c:0:0:4","ff02::1a","ICMPv6","97","RPL Control (DODAG Information Object)"
"3279","29.246631","fe80::c30c:0:0:4","ff02::1a","ICMPv6","97","RPL Control (DODAG Information Object)"
"3280","29.250996","fe80::c30c:0:0:4","ff02::1a","ICMPv6","97","RPL Control (DODAG Information Object)"
"3281","29.255318","fe80::c30c:0:0:4","ff02::1a","ICMPv6","97","RPL Control (DODAG Information Object)"
"3282","29.259651","fe80::c30c:0:0:4","ff02::1a","ICMPv6","97","RPL Control (DODAG Information Object)"
"3283","29.263995","fe80::c30c:0:0:4","ff02::1a","ICMPv6","97","RPL Control (DODAG Information Object)"
"3284","29.268330","fe80::c30c:0:0:4","ff02::1a","ICMPv6","97","RPL Control (DODAG Information Object)"
"3285","29.272652","fe80::c30c:0:0:4","ff02::1a","ICMPv6","97","RPL Control (DODAG Information Object)"
"3286","29.276996","fe80::c30c:0:0:4","ff02::1a","ICMPv6","97","RPL Control (DODAG Information Object)"
"3287","29.281329","fe80::c30c:0:0:4","ff02::1a","ICMPv6","97","RPL Control (DODAG Information Object)"
"3288","29.388351","fe80::c30c:0:0:b","ff02::1a","ICMPv6","97","RPL Control (DODAG Information Object)"
"3289","29.392679","fe80::c30c:0:0:b","ff02::1a","ICMPv6","97","RPL Control (DODAG Information Object)"
"3290","29.397017","fe80::c30c:0:0:b","ff02::1a","ICMPv6","97","RPL Control (DODAG Information Object)"
"3291","29.401346","fe80::c30c:0:0:b","ff02::1a","ICMPv6","97","RPL Control (DODAG Information Object)"
"3292","29.405678","fe80::c30c:0:0:b","ff02::1a","ICMPv6","97","RPL Control (DODAG Information Object)"
"3293","29.410023","fe80::c30c:0:0:b","ff02::1a","ICMPv6","97","RPL Control (DODAG Information Object)"
"3294","29.414356","fe80::c30c:0:0:b","ff02::1a","ICMPv6","97","RPL Control (DODAG Information Object)"
"3295","29.418679","fe80::c30c:0:0:b","ff02::1a","ICMPv6","97","RPL Control (DODAG Information Object)"
"3296","29.423023","fe80::c30c:0:0:b","ff02::1a","ICMPv6","97","RPL Control (DODAG Information Object)"
"3297","29.427356","fe80::c30c:0:0:b","ff02::1a","ICMPv6","97","RPL Control (DODAG Information Object)"
"3298","29.431679","fe80::c30c:0:0:b","ff02::1a","ICMPv6","97","RPL Control (DODAG Information Object)"
"3299","29.436034","fe80::c30c:0:0:b","ff02::1a","ICMPv6","97","RPL Control (DODAG Information Object)"
"3300","29.440356","fe80::c30c:0:0:b","ff02::1a","ICMPv6","97","RPL Control (DODAG Information Object)"
"3301","29.444691","fe80::c30c:0:0:b","ff02::1a","ICMPv6","97","RPL Control (DODAG Information Object)"
"3302","29.449023","fe80::c30c:0:0:b","ff02::1a","ICMPv6","97","RPL Control (DODAG Information Object)"
"3303","29.453347","fe80::c30c:0:0:b","ff02::1a","ICMPv6","97","RPL Control (DODAG Information Object)"
"3304","29.457690","fe80::c30c:0:0:b","ff02::1a","ICMPv6","97","RPL Control (DODAG Information Object)"
"3305","29.462025","fe80::c30c:0:0:b","ff02::1a","ICMPv6","97","RPL Control (DODAG Information Object)"
"3306","29.466348","fe80::c30c:0:0:b","ff02::1a","ICMPv6","97","RPL Control (DODAG Information Object)"
"3307","29.470682","fe80::c30c:0:0:b","ff02::1a","ICMPv6","97","RPL Control (DODAG Information Object)"
"3308","29.475024","fe80::c30c:0:0:b","ff02::1a","ICMPv6","97","RPL Control (DODAG Information Object)"
"3309","29.479347","fe80::c30c:0:0:b","ff02::1a","ICMPv6","97","RPL Control (DODAG Information Object)"
"3310","29.483723","fe80::c30c:0:0:b","ff02::1a","ICMPv6","97","RPL Control (DODAG Information Object)"
"3311","29.488045","fe80::c30c:0:0:b","ff02::1a","ICMPv6","97","RPL Control (DODAG Information Object)"
"3312","29.492378","fe80::c30c:0:0:b","ff02::1a","ICMPv6","97","RPL Control (DODAG Information Object)"
"3313","29.496722","fe80::c30c:0:0:b","ff02::1a","ICMPv6","97","RPL Control (DODAG Information Object)"
"3314","29.501057","fe80::c30c:0:0:b","ff02::1a","ICMPv6","97","RPL Control (DODAG Information Object)"
"3315","29.505379","fe80::c30c:0:0:b","ff02::1a","ICMPv6","97","RPL Control (DODAG Information Object)"
"3316","29.509723","fe80::c30c:0:0:b","ff02::1a","ICMPv6","97","RPL Control (DODAG Information Object)"
"3317","29.514056","fe80::c30c:0:0:b","ff02::1a","ICMPv6","97","RPL Control (DODAG Information Object)"
"3318","30.683168","fe80::c30c:0:0:3","ff02::1a","ICMPv6","97","RPL Control (DODAG Information Object)"
"3319","30.687505","fe80::c30c:0:0:3","ff02::1a","ICMPv6","97","RPL Control (DODAG Information Object)"
"3320","30.691830","fe80::c30c:0:0:3","ff02::1a","ICMPv6","97","RPL Control (DODAG Information Object)"
"3321","30.696162","fe80::c30c:0:0:3","ff02::1a","ICMPv6","97","RPL Control (DODAG Information Object)"
"3322","30.700506","fe80::c30c:0:0:3","ff02::1a","ICMPv6","97","RPL Control (DODAG Information Object)"
"3323","30.704840","fe80::c30c:0:0:3","ff02::1a","ICMPv6","97","RPL Control (DODAG Information Object)"
"3324","30.709174","fe80::c30c:0:0:3","ff02::1a","ICMPv6","97","RPL Control (DODAG Information Object)"
"3325","30.713496","fe80::c30c:0:0:3","ff02::1a","ICMPv6","97","RPL Control (DODAG Information Object)"
"3326","30.717840","fe80::c30c:0:0:3","ff02::1a","ICMPv6","97","RPL Control (DODAG Information Object)"
"3327","30.722173","fe80::c30c:0:0:3","ff02::1a","ICMPv6","97","RPL Control (DODAG Information Object)"
"3328","30.726496","fe80::c30c:0:0:3","ff02::1a","ICMPv6","97","RPL Control (DODAG Information Object)"
"3329","30.730852","fe80::c30c:0:0:3","ff02::1a","ICMPv6","97","RPL Control (DODAG Information Object)"
"3330","30.735175","fe80::c30c:0:0:3","ff02::1a","ICMPv6","97","RPL Control (DODAG Information Object)"
"3331","30.739499","fe80::c30c:0:0:3","ff02::1a","ICMPv6","97","RPL Control (DODAG Information Object)"
"3332","30.743841","fe80::c30c:0:0:3","ff02::1a","ICMPv6","97","RPL Control (DODAG Information Object)"
"3333","30.748174","fe80::c30c:0:0:3","ff02::1a","ICMPv6","97","RPL Control (DODAG Information Object)"
"3334","30.752509","fe80::c30c:0:0:3","ff02::1a","ICMPv6","97","RPL Control (DODAG Information Object)"
"3335","30.756841","fe80::c30c:0:0:3","ff02::1a","ICMPv6","97","RPL Control (DODAG Information Object)"
"3336","30.761175","fe80::c30c:0:0:3","ff02::1a","ICMPv6","97","RPL Control (DODAG Information Object)"
"3337","30.765508","fe80::c30c:0:0:3","ff02::1a","ICMPv6","97","RPL Control (DODAG Information Object)"
"3338","30.769843","fe80::c30c:0:0:3","ff02::1a","ICMPv6","97","RPL Control (DODAG Information Object)"
"3339","30.774213","fe80::c30c:0:0:3","ff02::1a","ICMPv6","97","RPL Control (DODAG Information Object)"
"3340","30.778530","fe80::c30c:0:0:3","ff02::1a","ICMPv6","97","RPL Control (DODAG Information Object)"
"3341","30.782873","fe80::c30c:0:0:3","ff02::1a","ICMPv6","97","RPL Control (DODAG Information Object)"
"3342","30.787206","fe80::c30c:0:0:3","ff02::1a","ICMPv6","97","RPL Control (DODAG Information Object)"
"3343","30.791541","fe80::c30c:0:0:3","ff02::1a","ICMPv6","97","RPL Control (DODAG Information Object)"
"3344","30.795873","fe80::c30c:0:0:3","ff02::1a","ICMPv6","97","RPL Control (DODAG Information Object)"
"3345","30.800208","fe80::c30c:0:0:3","ff02::1a","ICMPv6","97","RPL Control (DODAG Information Object)"
"3346","30.804541","fe80::c30c:0:0:3","ff02::1a","ICMPv6","97","RPL Control (DODAG Information Object)"
"3347","30.808865","fe80::c30c:0:0:3","ff02::1a","ICMPv6","97","RPL Control (DODAG Information Object)"
"3348","30.836700","fe80::c30c:0:0:8","ff02::1a","ICMPv6","64","RPL Control (DODAG Information Solicitation)"
"3349","30.839970","fe80::c30c:0:0:8","ff02::1a","ICMPv6","64","RPL Control (DODAG Information Solicitation)"
"3350","30.843234","fe80::c30c:0:0:8","ff02::1a","ICMPv6","64","RPL Control (DODAG Information Solicitation)"
"3351","30.846490","fe80::c30c:0:0:8","ff02::1a","ICMPv6","64","RPL Control (DODAG Information Solicitation)"
"3352","30.849759","fe80::c30c:0:0:8","ff02::1a","ICMPv6","64","RPL Control (DODAG Information Solicitation)"
"3353","30.853022","fe80::c30c:0:0:8","ff02::1a","ICMPv6","64","RPL Control (DODAG Information Solicitation)"
"3354","30.856296","fe80::c30c:0:0:8","ff02::1a","ICMPv6","64","RPL Control (DODAG Information Solicitation)"
"3355","30.859562","fe80::c30c:0:0:8","ff02::1a","ICMPv6","64","RPL Control (DODAG Information Solicitation)"
"3356","30.862847","fe80::c30c:0:0:8","ff02::1a","ICMPv6","64","RPL Control (DODAG Information Solicitation)"
"3357","30.866123","fe80::c30c:0:0:8","ff02::1a","ICMPv6","64","RPL Control (DODAG Information Solicitation)"
"3358","30.869409","fe80::c30c:0:0:8","ff02::1a","ICMPv6","64","RPL Control (DODAG Information Solicitation)"
"3359","30.872685","fe80::c30c:0:0:8","ff02::1a","ICMPv6","64","RPL Control (DODAG Information Solicitation)"
"3360","30.875980","fe80::c30c:0:0:8","ff02::1a","ICMPv6","64","RPL Control (DODAG Information Solicitation)"
"3361","30.879276","fe80::c30c:0:0:8","ff02::1a","ICMPv6","64","RPL Control (DODAG Information Solicitation)"
"3362","30.882542","fe80::c30c:0:0:8","ff02::1a","ICMPv6","64","RPL Control (DODAG Information Solicitation)"
"3363","30.885838","fe80::c30c:0:0:8","ff02::1a","ICMPv6","64","RPL Control (DODAG Information Solicitation)"
"3364","30.889132","fe80::c30c:0:0:8","ff02::1a","ICMPv6","64","RPL Control (DODAG Information Solicitation)"
"3365","30.892397","fe80::c30c:0:0:8","ff02::1a","ICMPv6","64","RPL Control (DODAG Information Solicitation)"
"3366","30.895663","fe80::c30c:0:0:8","ff02::1a","ICMPv6","64","RPL Control (DODAG Information Solicitation)"
"3367","30.898928","fe80::c30c:0:0:8","ff02::1a","ICMPv6","64","RPL Control (DODAG Information Solicitation)"
"3368","30.902185","fe80::c30c:0:0:8","ff02::1a","ICMPv6","64","RPL Control (DODAG Information Solicitation)"
"3369","30.905450","fe80::c30c:0:0:8","ff02::1a","ICMPv6","64","RPL Control (DODAG Information Solicitation)"
"3370","30.908726","fe80::c30c:0:0:8","ff02::1a","ICMPv6","64","RPL Control (DODAG Information Solicitation)"
"3371","30.912021","fe80::c30c:0:0:8","ff02::1a","ICMPv6","64","RPL Control (DODAG Information Solicitation)"
"3372","30.915276","fe80::c30c:0:0:8","ff02::1a","ICMPv6","64","RPL Control (DODAG Information Solicitation)"
"3373","30.918543","fe80::c30c:0:0:8","ff02::1a","ICMPv6","64","RPL Control (DODAG Information Solicitation)"
"3374","30.921817","fe80::c30c:0:0:8","ff02::1a","ICMPv6","64","RPL Control (DODAG Information Solicitation)"
"3375","30.925083","fe80::c30c:0:0:8","ff02::1a","ICMPv6","64","RPL Control (DODAG Information Solicitation)"
"3376","30.928378","fe80::c30c:0:0:8","ff02::1a","ICMPv6","64","RPL Control (DODAG Information Solicitation)"
"3377","30.931675","fe80::c30c:0:0:8","ff02::1a","ICMPv6","64","RPL Control (DODAG Information Solicitation)"
"3378","30.934971","fe80::c30c:0:0:8","ff02::1a","ICMPv6","64","RPL Control (DODAG Information Solicitation)"
"3379","30.938236","fe80::c30c:0:0:8","ff02::1a","ICMPv6","64","RPL Control (DODAG Information Solicitation)"
"3380","30.941522","fe80::c30c:0:0:8","ff02::1a","ICMPv6","64","RPL Control (DODAG Information Solicitation)"
"3381","30.944786","fe80::c30c:0:0:8","ff02::1a","ICMPv6","64","RPL Control (DODAG Information Solicitation)"
"3382","30.948062","fe80::c30c:0:0:8","ff02::1a","ICMPv6","64","RPL Control (DODAG Information Solicitation)"
"3383","30.951349","fe80::c30c:0:0:8","ff02::1a","ICMPv6","64","RPL Control (DODAG Information Solicitation)"
"3384","30.954623","fe80::c30c:0:0:8","ff02::1a","ICMPv6","64","RPL Control (DODAG Information Solicitation)"
"3385","30.957910","fe80::c30c:0:0:8","ff02::1a","ICMPv6","64","RPL Control (DODAG Information Solicitation)"
"3386","30.961185","fe80::c30c:0:0:8","ff02::1a","ICMPv6","64","RPL Control (DODAG Information Solicitation)"
"3387","33.016341","fe80::c30c:0:0:7","fe80::c30c:0:0:3","ICMPv6","102","RPL Control (DODAG Information Object)"
"3388","33.020486","fe80::c30c:0:0:7","fe80::c30c:0:0:3","ICMPv6","102","RPL Control (DODAG Information Object)"
"3389","33.024636","fe80::c30c:0:0:7","fe80::c30c:0:0:3","ICMPv6","102","RPL Control (DODAG Information Object)"
"3390","33.028309","","","IEEE 802.15.4","5","Ack"
"3391","33.062741","fe80::c30c:0:0:9","ff02::1a","ICMPv6","97","RPL Control (DODAG Information Object)"
"3392","33.067078","fe80::c30c:0:0:9","ff02::1a","ICMPv6","97","RPL Control (DODAG Information Object)"
"3393","33.071404","fe80::c30c:0:0:9","ff02::1a","ICMPv6","97","RPL Control (DODAG Information Object)"
"3394","33.075744","fe80::c30c:0:0:9","ff02::1a","ICMPv6","97","RPL Control (DODAG Information Object)"
"3395","33.080078","fe80::c30c:0:0:9","ff02::1a","ICMPv6","97","RPL Control (DODAG Information Object)"
"3396","33.084400","fe80::c30c:0:0:9","ff02::1a","ICMPv6","97","RPL Control (DODAG Information Object)"
"3397","33.088714","fe80::c30c:0:0:9","ff02::1a","ICMPv6","97","RPL Control (DODAG Information Object)"
"3398","33.093048","fe80::c30c:0:0:9","ff02::1a","ICMPv6","97","RPL Control (DODAG Information Object)"
"3399","33.097381","fe80::c30c:0:0:9","ff02::1a","ICMPv6","97","RPL Control (DODAG Information Object)"
"3400","33.101715","fe80::c30c:0:0:9","ff02::1a","ICMPv6","97","RPL Control (DODAG Information Object)"
"3401","33.106049","fe80::c30c:0:0:9","ff02::1a","ICMPv6","97","RPL Control (DODAG Information Object)"
"3402","33.110378","fe80::c30c:0:0:9","ff02::1a","ICMPv6","97","RPL Control (DODAG Information Object)"
"3403","33.114715","fe80::c30c:0:0:9","ff02::1a","ICMPv6","97","RPL Control (DODAG Information Object)"
"3404","33.119048","fe80::c30c:0:0:9","ff02::1a","ICMPv6","97","RPL Control (DODAG Information Object)"
"3405","33.123383","fe80::c30c:0:0:9","ff02::1a","ICMPv6","97","RPL Control (DODAG Information Object)"
"3406","33.127707","fe80::c30c:0:0:9","ff02::1a","ICMPv6","97","RPL Control (DODAG Information Object)"
"3407","33.132049","fe80::c30c:0:0:9","ff02::1a","ICMPv6","97","RPL Control (DODAG Information Object)"
"3408","33.136382","fe80::c30c:0:0:9","ff02::1a","ICMPv6","97","RPL Control (DODAG Information Object)"
"3409","33.140717","fe80::c30c:0:0:9","ff02::1a","ICMPv6","97","RPL Control (DODAG Information Object)"
"3410","33.145049","fe80::c30c:0:0:9","ff02::1a","ICMPv6","97","RPL Control (DODAG Information Object)"
"3411","33.149374","fe80::c30c:0:0:9","ff02::1a","ICMPv6","97","RPL Control (DODAG Information Object)"
"3412","33.153717","fe80::c30c:0:0:9","ff02::1a","ICMPv6","97","RPL Control (DODAG Information Object)"
"3413","33.158050","fe80::c30c:0:0:9","ff02::1a","ICMPv6","97","RPL Control (DODAG Information Object)"
"3414","33.162384","fe80::c30c:0:0:9","ff02::1a","ICMPv6","97","RPL Control (DODAG Information Object)"
"3415","33.166718","fe80::c30c:0:0:9","ff02::1a","ICMPv6","97","RPL Control (DODAG Information Object)"
"3416","33.171040","fe80::c30c:0:0:9","ff02::1a","ICMPv6","97","RPL Control (DODAG Information Object)"
"3417","33.175383","fe80::c30c:0:0:9","ff02::1a","ICMPv6","97","RPL Control (DODAG Information Object)"
"3418","33.179708","fe80::c30c:0:0:9","ff02::1a","ICMPv6","97","RPL Control (DODAG Information Object)"
"3419","33.184042","fe80::c30c:0:0:9","ff02::1a","ICMPv6","97","RPL Control (DODAG Information Object)"
"3420","33.188416","fe80::c30c:0:0:9","ff02::1a","ICMPv6","97","RPL Control (DODAG Information Object)"
"3421","34.706522","fe80::c30c:0:0:5","fe80::c30c:0:0:4","ICMPv6","76","RPL Control (Destination Advertisement Object)"
"3422","34.709835","fe80::c30c:0:0:5","fe80::c30c:0:0:4","ICMPv6","76","RPL Control (Destination Advertisement Object)"
"3423","34.713160","fe80::c30c:0:0:5","fe80::c30c:0:0:4","ICMPv6","76","RPL Control (Destination Advertisement Object)"
"3424","34.716486","fe80::c30c:0:0:5","fe80::c30c:0:0:4","ICMPv6","76","RPL Control (Destination Advertisement Object)"
"3425","34.719813","fe80::c30c:0:0:5","fe80::c30c:0:0:4","ICMPv6","76","RPL Control (Destination Advertisement Object)"
"3426","34.723110","fe80::c30c:0:0:5","fe80::c30c:0:0:4","ICMPv6","76","RPL Control (Destination Advertisement Object)"
"3427","34.726435","fe80::c30c:0:0:5","fe80::c30c:0:0:4","ICMPv6","76","RPL Control (Destination Advertisement Object)"
"3428","34.729276","","","IEEE 802.15.4","5","Ack"
"3429","34.762894","fe80::c30c:0:0:4","fe80::c30c:0:0:1","ICMPv6","76","RPL Control (Destination Advertisement Object)"
"3430","34.766239","fe80::c30c:0:0:4","fe80::c30c:0:0:1","ICMPv6","76","RPL Control (Destination Advertisement Object)"
"3431","34.769564","fe80::c30c:0:0:4","fe80::c30c:0:0:1","ICMPv6","76","RPL Control (Destination Advertisement Object)"
"3432","34.772892","fe80::c30c:0:0:4","fe80::c30c:0:0:1","ICMPv6","76","RPL Control (Destination Advertisement Object)"
"3433","34.776218","fe80::c30c:0:0:4","fe80::c30c:0:0:1","ICMPv6","76","RPL Control (Destination Advertisement Object)"
"3434","34.779544","fe80::c30c:0:0:4","fe80::c30c:0:0:1","ICMPv6","76","RPL Control (Destination Advertisement Object)"
"3435","34.782871","fe80::c30c:0:0:4","fe80::c30c:0:0:1","ICMPv6","76","RPL Control (Destination Advertisement Object)"
"3436","34.786195","fe80::c30c:0:0:4","fe80::c30c:0:0:1","ICMPv6","76","RPL Control (Destination Advertisement Object)"
"3437","34.789522","fe80::c30c:0:0:4","fe80::c30c:0:0:1","ICMPv6","76","RPL Control (Destination Advertisement Object)"
"3438","34.792818","fe80::c30c:0:0:4","fe80::c30c:0:0:1","ICMPv6","76","RPL Control (Destination Advertisement Object)"
"3439","34.796146","fe80::c30c:0:0:4","fe80::c30c:0:0:1","ICMPv6","76","RPL Control (Destination Advertisement Object)"
"3440","34.799472","fe80::c30c:0:0:4","fe80::c30c:0:0:1","ICMPv6","76","RPL Control (Destination Advertisement Object)"
"3441","34.802797","fe80::c30c:0:0:4","fe80::c30c:0:0:1","ICMPv6","76","RPL Control (Destination Advertisement Object)"
"3442","34.806125","fe80::c30c:0:0:4","fe80::c30c:0:0:1","ICMPv6","76","RPL Control (Destination Advertisement Object)"
"3443","34.809451","fe80::c30c:0:0:4","fe80::c30c:0:0:1","ICMPv6","76","RPL Control (Destination Advertisement Object)"
"3444","34.812777","fe80::c30c:0:0:4","fe80::c30c:0:0:1","ICMPv6","76","RPL Control (Destination Advertisement Object)"
"3445","34.816104","fe80::c30c:0:0:4","fe80::c30c:0:0:1","ICMPv6","76","RPL Control (Destination Advertisement Object)"
"3446","34.819429","fe80::c30c:0:0:4","fe80::c30c:0:0:1","ICMPv6","76","RPL Control (Destination Advertisement Object)"
"3447","34.822727","fe80::c30c:0:0:4","fe80::c30c:0:0:1","ICMPv6","76","RPL Control (Destination Advertisement Object)"
"3448","34.826053","fe80::c30c:0:0:4","fe80::c30c:0:0:1","ICMPv6","76","RPL Control (Destination Advertisement Object)"
"3449","34.829379","fe80::c30c:0:0:4","fe80::c30c:0:0:1","ICMPv6","76","RPL Control (Destination Advertisement Object)"
"3450","34.832704","fe80::c30c:0:0:4","fe80::c30c:0:0:1","ICMPv6","76","RPL Control (Destination Advertisement Object)"
"3451","34.836031","fe80::c30c:0:0:4","fe80::c30c:0:0:1","ICMPv6","76","RPL Control (Destination Advertisement Object)"
"3452","34.839327","fe80::c30c:0:0:4","fe80::c30c:0:0:1","ICMPv6","76","RPL Control (Destination Advertisement Object)"
"3453","34.842655","fe80::c30c:0:0:4","fe80::c30c:0:0:1","ICMPv6","76","RPL Control (Destination Advertisement Object)"
"3454","34.845980","fe80::c30c:0:0:4","fe80::c30c:0:0:1","ICMPv6","76","RPL Control (Destination Advertisement Object)"
"3455","34.849306","fe80::c30c:0:0:4","fe80::c30c:0:0:1","ICMPv6","76","RPL Control (Destination Advertisement Object)"
"3456","34.852634","fe80::c30c:0:0:4","fe80::c30c:0:0:1","ICMPv6","76","RPL Control (Destination Advertisement Object)"
"3457","34.855960","fe80::c30c:0:0:4","fe80::c30c:0:0:1","ICMPv6","76","RPL Control (Destination Advertisement Object)"
"3458","34.859285","fe80::c30c:0:0:4","fe80::c30c:0:0:1","ICMPv6","76","RPL Control (Destination Advertisement Object)"
"3459","34.862612","fe80::c30c:0:0:4","fe80::c30c:0:0:1","ICMPv6","76","RPL Control (Destination Advertisement Object)"
"3460","34.865940","fe80::c30c:0:0:4","fe80::c30c:0:0:1","ICMPv6","76","RPL Control (Destination Advertisement Object)"
"3461","34.869265","fe80::c30c:0:0:4","fe80::c30c:0:0:1","ICMPv6","76","RPL Control (Destination Advertisement Object)"
"3462","34.872593","fe80::c30c:0:0:4","fe80::c30c:0:0:1","ICMPv6","76","RPL Control (Destination Advertisement Object)"
"3463","34.875919","fe80::c30c:0:0:4","fe80::c30c:0:0:1","ICMPv6","76","RPL Control (Destination Advertisement Object)"
"3464","34.879245","fe80::c30c:0:0:4","fe80::c30c:0:0:1","ICMPv6","76","RPL Control (Destination Advertisement Object)"
"3465","34.882571","fe80::c30c:0:0:4","fe80::c30c:0:0:1","ICMPv6","76","RPL Control (Destination Advertisement Object)"
"3466","34.885412","","","IEEE 802.15.4","5","Ack"
"3467","35.384614","fe80::c30c:0:0:8","fe80::c30c:0:0:9","ICMPv6","76","RPL Control (Destination Advertisement Object)"
"3468","35.387928","fe80::c30c:0:0:8","fe80::c30c:0:0:9","ICMPv6","76","RPL Control (Destination Advertisement Object)"
"3469","35.391254","fe80::c30c:0:0:8","fe80::c30c:0:0:9","ICMPv6","76","RPL Control (Destination Advertisement Object)"
"3470","35.394579","fe80::c30c:0:0:8","fe80::c30c:0:0:9","ICMPv6","76","RPL Control (Destination Advertisement Object)"
"3471","35.397876","fe80::c30c:0:0:8","fe80::c30c:0:0:9","ICMPv6","76","RPL Control (Destination Advertisement Object)"
"3472","35.401202","fe80::c30c:0:0:8","fe80::c30c:0:0:9","ICMPv6","76","RPL Control (Destination Advertisement Object)"
"3473","35.404529","fe80::c30c:0:0:8","fe80::c30c:0:0:9","ICMPv6","76","RPL Control (Destination Advertisement Object)"
"3474","35.407854","fe80::c30c:0:0:8","fe80::c30c:0:0:9","ICMPv6","76","RPL Control (Destination Advertisement Object)"
"3475","35.411151","fe80::c30c:0:0:8","fe80::c30c:0:0:9","ICMPv6","76","RPL Control (Destination Advertisement Object)"
"3476","35.414478","fe80::c30c:0:0:8","fe80::c30c:0:0:9","ICMPv6","76","RPL Control (Destination Advertisement Object)"
"3477","35.417803","fe80::c30c:0:0:8","fe80::c30c:0:0:9","ICMPv6","76","RPL Control (Destination Advertisement Object)"
"3478","35.421130","fe80::c30c:0:0:8","fe80::c30c:0:0:9","ICMPv6","76","RPL Control (Destination Advertisement Object)"
"3479","35.424426","fe80::c30c:0:0:8","fe80::c30c:0:0:9","ICMPv6","76","RPL Control (Destination Advertisement Object)"
"3480","35.427765","fe80::c30c:0:0:8","fe80::c30c:0:0:9","ICMPv6","76","RPL Control (Destination Advertisement Object)"
"3481","35.431079","fe80::c30c:0:0:8","fe80::c30c:0:0:9","ICMPv6","76","RPL Control (Destination Advertisement Object)"
"3482","35.434406","fe80::c30c:0:0:8","fe80::c30c:0:0:9","ICMPv6","76","RPL Control (Destination Advertisement Object)"
"3483","35.437731","fe80::c30c:0:0:8","fe80::c30c:0:0:9","ICMPv6","76","RPL Control (Destination Advertisement Object)"
"3484","35.441058","fe80::c30c:0:0:8","fe80::c30c:0:0:9","ICMPv6","76","RPL Control (Destination Advertisement Object)"
"3485","35.444385","fe80::c30c:0:0:8","fe80::c30c:0:0:9","ICMPv6","76","RPL Control (Destination Advertisement Object)"
"3486","35.447710","fe80::c30c:0:0:8","fe80::c30c:0:0:9","ICMPv6","76","RPL Control (Destination Advertisement Object)"
"3487","35.451037","fe80::c30c:0:0:8","fe80::c30c:0:0:9","ICMPv6","76","RPL Control (Destination Advertisement Object)"
"3488","35.454364","fe80::c30c:0:0:8","fe80::c30c:0:0:9","ICMPv6","76","RPL Control (Destination Advertisement Object)"
"3489","35.457689","fe80::c30c:0:0:8","fe80::c30c:0:0:9","ICMPv6","76","RPL Control (Destination Advertisement Object)"
"3490","35.460987","fe80::c30c:0:0:8","fe80::c30c:0:0:9","ICMPv6","76","RPL Control (Destination Advertisement Object)"
"3491","35.463827","","","IEEE 802.15.4","5","Ack"
"3492","35.506520","fe80::c30c:0:0:9","fe80::c30c:0:0:7","ICMPv6","76","RPL Control (Destination Advertisement Object)"
"3493","35.509841","fe80::c30c:0:0:9","fe80::c30c:0:0:7","ICMPv6","76","RPL Control (Destination Advertisement Object)"
"3494","35.513167","fe80::c30c:0:0:9","fe80::c30c:0:0:7","ICMPv6","76","RPL Control (Destination Advertisement Object)"
"3495","35.516533","fe80::c30c:0:0:9","fe80::c30c:0:0:7","ICMPv6","76","RPL Control (Destination Advertisement Object)"
"3496","35.519850","fe80::c30c:0:0:9","fe80::c30c:0:0:7","ICMPv6","76","RPL Control (Destination Advertisement Object)"
"3497","35.523176","fe80::c30c:0:0:9","fe80::c30c:0:0:7","ICMPv6","76","RPL Control (Destination Advertisement Object)"
"3498","35.526504","fe80::c30c:0:0:9","fe80::c30c:0:0:7","ICMPv6","76","RPL Control (Destination Advertisement Object)"
"3499","35.529830","fe80::c30c:0:0:9","fe80::c30c:0:0:7","ICMPv6","76","RPL Control (Destination Advertisement Object)"
"3500","35.532671","","","IEEE 802.15.4","5","Ack"
"3501","35.567313","fe80::c30c:0:0:7","fe80::c30c:0:0:3","ICMPv6","76","RPL Control (Destination Advertisement Object)"
"3502","35.570626","fe80::c30c:0:0:7","fe80::c30c:0:0:3","ICMPv6","76","RPL Control (Destination Advertisement Object)"
"3503","35.573922","fe80::c30c:0:0:7","fe80::c30c:0:0:3","ICMPv6","76","RPL Control (Destination Advertisement Object)"
"3504","35.577249","fe80::c30c:0:0:7","fe80::c30c:0:0:3","ICMPv6","76","RPL Control (Destination Advertisement Object)"
"3505","35.580544","fe80::c30c:0:0:7","fe80::c30c:0:0:3","ICMPv6","76","RPL Control (Destination Advertisement Object)"
"3506","35.583872","fe80::c30c:0:0:7","fe80::c30c:0:0:3","ICMPv6","76","RPL Control (Destination Advertisement Object)"
"3507","35.587198","fe80::c30c:0:0:7","fe80::c30c:0:0:3","ICMPv6","76","RPL Control (Destination Advertisement Object)"
"3508","35.590524","fe80::c30c:0:0:7","fe80::c30c:0:0:3","ICMPv6","76","RPL Control (Destination Advertisement Object)"
"3509","35.593851","fe80::c30c:0:0:7","fe80::c30c:0:0:3","ICMPv6","76","RPL Control (Destination Advertisement Object)"
"3510","35.597177","fe80::c30c:0:0:7","fe80::c30c:0:0:3","ICMPv6","76","RPL Control (Destination Advertisement Object)"
"3511","35.600511","fe80::c30c:0:0:7","fe80::c30c:0:0:3","ICMPv6","76","RPL Control (Destination Advertisement Object)"
"3512","35.603831","fe80::c30c:0:0:7","fe80::c30c:0:0:3","ICMPv6","76","RPL Control (Destination Advertisement Object)"
"3513","35.607157","fe80::c30c:0:0:7","fe80::c30c:0:0:3","ICMPv6","76","RPL Control (Destination Advertisement Object)"
"3514","35.610482","fe80::c30c:0:0:7","fe80::c30c:0:0:3","ICMPv6","76","RPL Control (Destination Advertisement Object)"
"3515","35.613778","fe80::c30c:0:0:7","fe80::c30c:0:0:3","ICMPv6","76","RPL Control (Destination Advertisement Object)"
"3516","35.617106","fe80::c30c:0:0:7","fe80::c30c:0:0:3","ICMPv6","76","RPL Control (Destination Advertisement Object)"
"3517","35.620432","fe80::c30c:0:0:7","fe80::c30c:0:0:3","ICMPv6","76","RPL Control (Destination Advertisement Object)"
"3518","35.623758","fe80::c30c:0:0:7","fe80::c30c:0:0:3","ICMPv6","76","RPL Control (Destination Advertisement Object)"
"3519","35.627085","fe80::c30c:0:0:7","fe80::c30c:0:0:3","ICMPv6","76","RPL Control (Destination Advertisement Object)"
"3520","35.630410","fe80::c30c:0:0:7","fe80::c30c:0:0:3","ICMPv6","76","RPL Control (Destination Advertisement Object)"
"3521","35.633707","fe80::c30c:0:0:7","fe80::c30c:0:0:3","ICMPv6","76","RPL Control (Destination Advertisement Object)"
"3522","35.637033","fe80::c30c:0:0:7","fe80::c30c:0:0:3","ICMPv6","76","RPL Control (Destination Advertisement Object)"
"3523","35.640360","fe80::c30c:0:0:7","fe80::c30c:0:0:3","ICMPv6","76","RPL Control (Destination Advertisement Object)"
"3524","35.643685","fe80::c30c:0:0:7","fe80::c30c:0:0:3","ICMPv6","76","RPL Control (Destination Advertisement Object)"
"3525","35.647012","fe80::c30c:0:0:7","fe80::c30c:0:0:3","ICMPv6","76","RPL Control (Destination Advertisement Object)"
"3526","35.650339","fe80::c30c:0:0:7","fe80::c30c:0:0:3","ICMPv6","76","RPL Control (Destination Advertisement Object)"
"3527","35.653183","","","IEEE 802.15.4","5","Ack"
"3528","35.689151","fe80::c30c:0:0:3","fe80::c30c:0:0:b","ICMPv6","76","RPL Control (Destination Advertisement Object)"
"3529","35.692463","fe80::c30c:0:0:3","fe80::c30c:0:0:b","ICMPv6","76","RPL Control (Destination Advertisement Object)"
"3530","35.695304","","","IEEE 802.15.4","5","Ack"
"3531","35.731461","fe80::c30c:0:0:b","fe80::c30c:0:0:1","ICMPv6","76","RPL Control (Destination Advertisement Object)"
"3532","35.734774","fe80::c30c:0:0:b","fe80::c30c:0:0:1","ICMPv6","76","RPL Control (Destination Advertisement Object)"
"3533","35.738070","fe80::c30c:0:0:b","fe80::c30c:0:0:1","ICMPv6","76","RPL Control (Destination Advertisement Object)"
"3534","35.741397","fe80::c30c:0:0:b","fe80::c30c:0:0:1","ICMPv6","76","RPL Control (Destination Advertisement Object)"
"3535","35.744724","fe80::c30c:0:0:b","fe80::c30c:0:0:1","ICMPv6","76","RPL Control (Destination Advertisement Object)"
"3536","35.748050","fe80::c30c:0:0:b","fe80::c30c:0:0:1","ICMPv6","76","RPL Control (Destination Advertisement Object)"
"3537","35.751375","fe80::c30c:0:0:b","fe80::c30c:0:0:1","ICMPv6","76","RPL Control (Destination Advertisement Object)"
"3538","35.754703","fe80::c30c:0:0:b","fe80::c30c:0:0:1","ICMPv6","76","RPL Control (Destination Advertisement Object)"
"3539","35.758029","fe80::c30c:0:0:b","fe80::c30c:0:0:1","ICMPv6","76","RPL Control (Destination Advertisement Object)"
"3540","35.760871","","","IEEE 802.15.4","5","Ack"
"3541","37.099661","fe80::c30c:0:0:7","ff02::1a","ICMPv6","97","RPL Control (DODAG Information Object)"
"3542","37.103998","fe80::c30c:0:0:7","ff02::1a","ICMPv6","97","RPL Control (DODAG Information Object)"
"3543","37.108329","fe80::c30c:0:0:7","ff02::1a","ICMPv6","97","RPL Control (DODAG Information Object)"
"3544","37.112666","fe80::c30c:0:0:7","ff02::1a","ICMPv6","97","RPL Control (DODAG Information Object)"
"3545","37.116999","fe80::c30c:0:0:7","ff02::1a","ICMPv6","97","RPL Control (DODAG Information Object)"
"3546","37.121333","fe80::c30c:0:0:7","ff02::1a","ICMPv6","97","RPL Control (DODAG Information Object)"
"3547","37.125657","fe80::c30c:0:0:7","ff02::1a","ICMPv6","97","RPL Control (DODAG Information Object)"
"3548","37.129988","fe80::c30c:0:0:7","ff02::1a","ICMPv6","97","RPL Control (DODAG Information Object)"
"3549","37.134333","fe80::c30c:0:0:7","ff02::1a","ICMPv6","97","RPL Control (DODAG Information Object)"
"3550","37.138667","fe80::c30c:0:0:7","ff02::1a","ICMPv6","97","RPL Control (DODAG Information Object)"
"3551","37.142991","fe80::c30c:0:0:7","ff02::1a","ICMPv6","97","RPL Control (DODAG Information Object)"
"3552","37.147345","fe80::c30c:0:0:7","ff02::1a","ICMPv6","97","RPL Control (DODAG Information Object)"
"3553","37.151662","fe80::c30c:0:0:7","ff02::1a","ICMPv6","97","RPL Control (DODAG Information Object)"
"3554","37.155989","fe80::c30c:0:0:7","ff02::1a","ICMPv6","97","RPL Control (DODAG Information Object)"
"3555","37.160334","fe80::c30c:0:0:7","ff02::1a","ICMPv6","97","RPL Control (DODAG Information Object)"
"3556","37.164668","fe80::c30c:0:0:7","ff02::1a","ICMPv6","97","RPL Control (DODAG Information Object)"
"3557","37.168990","fe80::c30c:0:0:7","ff02::1a","ICMPv6","97","RPL Control (DODAG Information Object)"
"3558","37.173334","fe80::c30c:0:0:7","ff02::1a","ICMPv6","97","RPL Control (DODAG Information Object)"
"3559","37.177094","fe80::c30c:0:0:8","ff02::1a","ICMPv6","97","RPL Control (DODAG Information Object)"
"3560","37.177668","fe80::c30c:0:0:7","ff02::1a","ICMPv6","97","RPL Control (DODAG Information Object)"
"3561","37.181421","fe80::c30c:0:0:8","ff02::1a","ICMPv6","97","RPL Control (DODAG Information Object)"
"3562","37.182002","fe80::c30c:0:0:7","ff02::1a","ICMPv6","97","RPL Control (DODAG Information Object)"
"3563","37.185759","fe80::c30c:0:0:8","ff02::1a","ICMPv6","97","RPL Control (DODAG Information Object)"
"3564","37.186326","fe80::c30c:0:0:7","ff02::1a","ICMPv6","97","RPL Control (DODAG Information Object)"
"3565","37.190088","fe80::c30c:0:0:8","ff02::1a","ICMPv6","97","RPL Control (DODAG Information Object)"
"3566","37.190658","fe80::c30c:0:0:7","ff02::1a","ICMPv6","97","RPL Control (DODAG Information Object)"
"3567","37.194431","fe80::c30c:0:0:8","ff02::1a","ICMPv6","97","RPL Control (DODAG Information Object)"
"3568","37.195033","fe80::c30c:0:0:7","ff02::1a","ICMPv6","97","RPL Control (DODAG Information Object)"
"3569","37.198755","fe80::c30c:0:0:8","ff02::1a","ICMPv6","97","RPL Control (DODAG Information Object)"
"3570","37.199365","fe80::c30c:0:0:7","ff02::1a","ICMPv6","97","RPL Control (DODAG Information Object)"
"3571","37.203098","fe80::c30c:0:0:8","ff02::1a","ICMPv6","97","RPL Control (DODAG Information Object)"
"3572","37.203689","fe80::c30c:0:0:7","ff02::1a","ICMPv6","97","RPL Control (DODAG Information Object)"
"3573","37.207432","fe80::c30c:0:0:8","ff02::1a","ICMPv6","97","RPL Control (DODAG Information Object)"
"3574","37.208032","fe80::c30c:0:0:7","ff02::1a","ICMPv6","97","RPL Control (DODAG Information Object)"
"3575","37.211765","fe80::c30c:0:0:8","ff02::1a","ICMPv6","97","RPL Control (DODAG Information Object)"
"3576","37.212355","fe80::c30c:0:0:7","ff02::1a","ICMPv6","97","RPL Control (DODAG Information Object)"
"3577","37.216088","fe80::c30c:0:0:8","ff02::1a","ICMPv6","97","RPL Control (DODAG Information Object)"
"3578","37.216700","fe80::c30c:0:0:7","ff02::1a","ICMPv6","97","RPL Control (DODAG Information Object)"
"3579","37.220432","fe80::c30c:0:0:8","ff02::1a","ICMPv6","97","RPL Control (DODAG Information Object)"
"3580","37.221034","fe80::c30c:0:0:7","ff02::1a","ICMPv6","97","RPL Control (DODAG Information Object)"
"3581","37.224765","fe80::c30c:0:0:8","ff02::1a","ICMPv6","97","RPL Control (DODAG Information Object)"
"3582","37.225366","fe80::c30c:0:0:7","ff02::1a","ICMPv6","97","RPL Control (DODAG Information Object)"
"3583","37.229089","fe80::c30c:0:0:8","ff02::1a","ICMPv6","97","RPL Control (DODAG Information Object)"
"3584","37.233432","fe80::c30c:0:0:8","ff02::1a","ICMPv6","97","RPL Control (DODAG Information Object)"
"3585","37.237766","fe80::c30c:0:0:8","ff02::1a","ICMPv6","97","RPL Control (DODAG Information Object)"
"3586","37.242100","fe80::c30c:0:0:8","ff02::1a","ICMPv6","97","RPL Control (DODAG Information Object)"
"3587","37.246424","fe80::c30c:0:0:8","ff02::1a","ICMPv6","97","RPL Control (DODAG Information Object)"
"3588","37.250766","fe80::c30c:0:0:8","ff02::1a","ICMPv6","97","RPL Control (DODAG Information Object)"
"3589","37.255100","fe80::c30c:0:0:8","ff02::1a","ICMPv6","97","RPL Control (DODAG Information Object)"
"3590","37.259434","fe80::c30c:0:0:8","ff02::1a","ICMPv6","97","RPL Control (DODAG Information Object)"
"3591","37.263756","fe80::c30c:0:0:8","ff02::1a","ICMPv6","97","RPL Control (DODAG Information Object)"
"3592","37.268101","fe80::c30c:0:0:8","ff02::1a","ICMPv6","97","RPL Control (DODAG Information Object)"
"3593","37.272423","fe80::c30c:0:0:8","ff02::1a","ICMPv6","97","RPL Control (DODAG Information Object)"
"3594","37.276767","fe80::c30c:0:0:8","ff02::1a","ICMPv6","97","RPL Control (DODAG Information Object)"
"3595","37.281101","fe80::c30c:0:0:8","ff02::1a","ICMPv6","97","RPL Control (DODAG Information Object)"
"3596","37.285425","fe80::c30c:0:0:8","ff02::1a","ICMPv6","97","RPL Control (DODAG Information Object)"
"3597","37.289767","fe80::c30c:0:0:8","ff02::1a","ICMPv6","97","RPL Control (DODAG Information Object)"
"3598","37.294102","fe80::c30c:0:0:8","ff02::1a","ICMPv6","97","RPL Control (DODAG Information Object)"
"3599","37.298435","fe80::c30c:0:0:8","ff02::1a","ICMPv6","97","RPL Control (DODAG Information Object)"
"3600","37.302757","fe80::c30c:0:0:8","ff02::1a","ICMPv6","97","RPL Control (DODAG Information Object)"
"3601","37.472107","fe80::c30c:0:0:6","ff02::1a","ICMPv6","97","RPL Control (DODAG Information Object)"
"3602","37.476444","fe80::c30c:0:0:6","ff02::1a","ICMPv6","97","RPL Control (DODAG Information Object)"
"3603","37.480771","fe80::c30c:0:0:6","ff02::1a","ICMPv6","97","RPL Control (DODAG Information Object)"
"3604","37.485110","fe80::c30c:0:0:6","ff02::1a","ICMPv6","97","RPL Control (DODAG Information Object)"
"3605","37.489445","fe80::c30c:0:0:6","ff02::1a","ICMPv6","97","RPL Control (DODAG Information Object)"
"3606","37.493777","fe80::c30c:0:0:6","ff02::1a","ICMPv6","97","RPL Control (DODAG Information Object)"
"3607","37.498110","fe80::c30c:0:0:6","ff02::1a","ICMPv6","97","RPL Control (DODAG Information Object)"
"3608","37.502445","fe80::c30c:0:0:6","ff02::1a","ICMPv6","97","RPL Control (DODAG Information Object)"
"3609","37.506778","fe80::c30c:0:0:6","ff02::1a","ICMPv6","97","RPL Control (DODAG Information Object)"
"3610","37.511112","fe80::c30c:0:0:6","ff02::1a","ICMPv6","97","RPL Control (DODAG Information Object)"
"3611","37.515446","fe80::c30c:0:0:6","ff02::1a","ICMPv6","97","RPL Control (DODAG Information Object)"
"3612","37.519775","fe80::c30c:0:0:6","ff02::1a","ICMPv6","97","RPL Control (DODAG Information Object)"
"3613","37.524112","fe80::c30c:0:0:6","ff02::1a","ICMPv6","97","RPL Control (DODAG Information Object)"
"3614","37.528436","fe80::c30c:0:0:6","ff02::1a","ICMPv6","97","RPL Control (DODAG Information Object)"
"3615","37.532779","fe80::c30c:0:0:6","ff02::1a","ICMPv6","97","RPL Control (DODAG Information Object)"
"3616","37.537113","fe80::c30c:0:0:6","ff02::1a","ICMPv6","97","RPL Control (DODAG Information Object)"
"3617","37.541437","fe80::c30c:0:0:6","ff02::1a","ICMPv6","97","RPL Control (DODAG Information Object)"
"3618","37.545779","fe80::c30c:0:0:6","ff02::1a","ICMPv6","97","RPL Control (DODAG Information Object)"
"3619","37.550114","fe80::c30c:0:0:6","ff02::1a","ICMPv6","97","RPL Control (DODAG Information Object)"
"3620","37.554447","fe80::c30c:0:0:6","ff02::1a","ICMPv6","97","RPL Control (DODAG Information Object)"
"3621","37.558769","fe80::c30c:0:0:6","ff02::1a","ICMPv6","97","RPL Control (DODAG Information Object)"
"3622","37.563114","fe80::c30c:0:0:6","ff02::1a","ICMPv6","97","RPL Control (DODAG Information Object)"
"3623","37.567448","fe80::c30c:0:0:6","ff02::1a","ICMPv6","97","RPL Control (DODAG Information Object)"
"3624","37.571781","fe80::c30c:0:0:6","ff02::1a","ICMPv6","97","RPL Control (DODAG Information Object)"
"3625","37.576115","fe80::c30c:0:0:6","ff02::1a","ICMPv6","97","RPL Control (DODAG Information Object)"
"3626","37.580437","fe80::c30c:0:0:6","ff02::1a","ICMPv6","97","RPL Control (DODAG Information Object)"
"3627","37.584781","fe80::c30c:0:0:6","ff02::1a","ICMPv6","97","RPL Control (DODAG Information Object)"
"3628","37.589114","fe80::c30c:0:0:6","ff02::1a","ICMPv6","97","RPL Control (DODAG Information Object)"
"3629","37.593437","fe80::c30c:0:0:6","ff02::1a","ICMPv6","97","RPL Control (DODAG Information Object)"
"3630","37.597794","fe80::c30c:0:0:6","ff02::1a","ICMPv6","97","RPL Control (DODAG Information Object)"
"3631","41.077882","fe80::c30c:0:0:8","fe80::c30c:0:0:9","ICMPv6","102","RPL Control (DODAG Information Object)"
"3632","41.082019","fe80::c30c:0:0:8","fe80::c30c:0:0:9","ICMPv6","102","RPL Control (DODAG Information Object)"
"3633","41.086170","fe80::c30c:0:0:8","fe80::c30c:0:0:9","ICMPv6","102","RPL Control (DODAG Information Object)"
"3634","41.089841","","","IEEE 802.15.4","5","Ack"
"3635","42.020782","fe80::c30c:0:0:8","ff02::1a","ICMPv6","97","RPL Control (DODAG Information Object)"
"3636","42.025119","fe80::c30c:0:0:8","ff02::1a","ICMPv6","97","RPL Control (DODAG Information Object)"
"3637","42.029448","fe80::c30c:0:0:8","ff02::1a","ICMPv6","97","RPL Control (DODAG Information Object)"
"3638","42.033787","fe80::c30c:0:0:8","ff02::1a","ICMPv6","97","RPL Control (DODAG Information Object)"
"3639","42.038119","fe80::c30c:0:0:8","ff02::1a","ICMPv6","97","RPL Control (DODAG Information Object)"
"3640","42.042452","fe80::c30c:0:0:8","ff02::1a","ICMPv6","97","RPL Control (DODAG Information Object)"
"3641","42.046777","fe80::c30c:0:0:8","ff02::1a","ICMPv6","97","RPL Control (DODAG Information Object)"
"3642","42.051120","fe80::c30c:0:0:8","ff02::1a","ICMPv6","97","RPL Control (DODAG Information Object)"
"3643","42.055453","fe80::c30c:0:0:8","ff02::1a","ICMPv6","97","RPL Control (DODAG Information Object)"
"3644","42.059788","fe80::c30c:0:0:8","ff02::1a","ICMPv6","97","RPL Control (DODAG Information Object)"
"3645","42.064112","fe80::c30c:0:0:8","ff02::1a","ICMPv6","97","RPL Control (DODAG Information Object)"
"3646","42.068444","fe80::c30c:0:0:8","ff02::1a","ICMPv6","97","RPL Control (DODAG Information Object)"
"3647","42.072780","fe80::c30c:0:0:8","ff02::1a","ICMPv6","97","RPL Control (DODAG Information Object)"
"3648","42.077121","fe80::c30c:0:0:8","ff02::1a","ICMPv6","97","RPL Control (DODAG Information Object)"
"3649","42.081446","fe80::c30c:0:0:8","ff02::1a","ICMPv6","97","RPL Control (DODAG Information Object)"
"3650","42.085777","fe80::c30c:0:0:8","ff02::1a","ICMPv6","97","RPL Control (DODAG Information Object)"
"3651","42.090122","fe80::c30c:0:0:8","ff02::1a","ICMPv6","97","RPL Control (DODAG Information Object)"
"3652","42.094445","fe80::c30c:0:0:8","ff02::1a","ICMPv6","97","RPL Control (DODAG Information Object)"
"3653","42.098788","fe80::c30c:0:0:8","ff02::1a","ICMPv6","97","RPL Control (DODAG Information Object)"
"3654","42.103122","fe80::c30c:0:0:8","ff02::1a","ICMPv6","97","RPL Control (DODAG Information Object)"
"3655","42.107447","fe80::c30c:0:0:8","ff02::1a","ICMPv6","97","RPL Control (DODAG Information Object)"
"3656","42.111779","fe80::c30c:0:0:8","ff02::1a","ICMPv6","97","RPL Control (DODAG Information Object)"
"3657","42.116122","fe80::c30c:0:0:8","ff02::1a","ICMPv6","97","RPL Control (DODAG Information Object)"
"3658","42.120457","fe80::c30c:0:0:8","ff02::1a","ICMPv6","97","RPL Control (DODAG Information Object)"
"3659","42.124790","fe80::c30c:0:0:8","ff02::1a","ICMPv6","97","RPL Control (DODAG Information Object)"
"3660","42.129113","fe80::c30c:0:0:8","ff02::1a","ICMPv6","97","RPL Control (DODAG Information Object)"
"3661","42.133457","fe80::c30c:0:0:8","ff02::1a","ICMPv6","97","RPL Control (DODAG Information Object)"
"3662","42.137790","fe80::c30c:0:0:8","ff02::1a","ICMPv6","97","RPL Control (DODAG Information Object)"
"3663","42.142113","fe80::c30c:0:0:8","ff02::1a","ICMPv6","97","RPL Control (DODAG Information Object)"
"3664","42.146469","fe80::c30c:0:0:8","ff02::1a","ICMPv6","97","RPL Control (DODAG Information Object)"
"3665","42.336177","fe80::c30c:0:0:9","ff02::1a","ICMPv6","97","RPL Control (DODAG Information Object)"
"3666","42.340514","fe80::c30c:0:0:9","ff02::1a","ICMPv6","97","RPL Control (DODAG Information Object)"
"3667","42.344841","fe80::c30c:0:0:9","ff02::1a","ICMPv6","97","RPL Control (DODAG Information Object)"
"3668","42.349183","fe80::c30c:0:0:9","ff02::1a","ICMPv6","97","RPL Control (DODAG Information Object)"
"3669","42.353516","fe80::c30c:0:0:9","ff02::1a","ICMPv6","97","RPL Control (DODAG Information Object)"
"3670","42.357838","fe80::c30c:0:0:9","ff02::1a","ICMPv6","97","RPL Control (DODAG Information Object)"
"3671","42.362182","fe80::c30c:0:0:9","ff02::1a","ICMPv6","97","RPL Control (DODAG Information Object)"
"3672","42.366516","fe80::c30c:0:0:9","ff02::1a","ICMPv6","97","RPL Control (DODAG Information Object)"
"3673","42.370850","fe80::c30c:0:0:9","ff02::1a","ICMPv6","97","RPL Control (DODAG Information Object)"
"3674","42.375183","fe80::c30c:0:0:9","ff02::1a","ICMPv6","97","RPL Control (DODAG Information Object)"
"3675","42.379517","fe80::c30c:0:0:9","ff02::1a","ICMPv6","97","RPL Control (DODAG Information Object)"
"3676","42.383846","fe80::c30c:0:0:9","ff02::1a","ICMPv6","97","RPL Control (DODAG Information Object)"
"3677","42.388183","fe80::c30c:0:0:9","ff02::1a","ICMPv6","97","RPL Control (DODAG Information Object)"
"3678","42.392516","fe80::c30c:0:0:9","ff02::1a","ICMPv6","97","RPL Control (DODAG Information Object)"
"3679","42.396849","fe80::c30c:0:0:9","ff02::1a","ICMPv6","97","RPL Control (DODAG Information Object)"
"3680","42.401184","fe80::c30c:0:0:9","ff02::1a","ICMPv6","97","RPL Control (DODAG Information Object)"
"3681","42.405516","fe80::c30c:0:0:9","ff02::1a","ICMPv6","97","RPL Control (DODAG Information Object)"
"3682","42.409851","fe80::c30c:0:0:9","ff02::1a","ICMPv6","97","RPL Control (DODAG Information Object)"
"3683","42.414183","fe80::c30c:0:0:9","ff02::1a","ICMPv6","97","RPL Control (DODAG Information Object)"
"3684","42.418507","fe80::c30c:0:0:9","ff02::1a","ICMPv6","97","RPL Control (DODAG Information Object)"
"3685","42.422841","fe80::c30c:0:0:9","ff02::1a","ICMPv6","97","RPL Control (DODAG Information Object)"
"3686","42.427174","fe80::c30c:0:0:9","ff02::1a","ICMPv6","97","RPL Control (DODAG Information Object)"
"3687","42.431518","fe80::c30c:0:0:9","ff02::1a","ICMPv6","97","RPL Control (DODAG Information Object)"
"3688","42.435852","fe80::c30c:0:0:9","ff02::1a","ICMPv6","97","RPL Control (DODAG Information Object)"
"3689","42.440186","fe80::c30c:0:0:9","ff02::1a","ICMPv6","97","RPL Control (DODAG Information Object)"
"3690","42.444518","fe80::c30c:0:0:9","ff02::1a","ICMPv6","97","RPL Control (DODAG Information Object)"
"3691","42.448853","fe80::c30c:0:0:9","ff02::1a","ICMPv6","97","RPL Control (DODAG Information Object)"
"3692","42.453185","fe80::c30c:0:0:9","ff02::1a","ICMPv6","97","RPL Control (DODAG Information Object)"
"3693","42.457509","fe80::c30c:0:0:9","ff02::1a","ICMPv6","97","RPL Control (DODAG Information Object)"
"3694","42.461865","fe80::c30c:0:0:9","ff02::1a","ICMPv6","97","RPL Control (DODAG Information Object)"
"3695","44.883858","fe80::c30c:0:0:a","fe80::c30c:0:0:8","ICMPv6","76","RPL Control (Destination Advertisement Object)"
"3696","44.887171","fe80::c30c:0:0:a","fe80::c30c:0:0:8","ICMPv6","76","RPL Control (Destination Advertisement Object)"
"3697","44.890498","fe80::c30c:0:0:a","fe80::c30c:0:0:8","ICMPv6","76","RPL Control (Destination Advertisement Object)"
"3698","44.893825","fe80::c30c:0:0:a","fe80::c30c:0:0:8","ICMPv6","76","RPL Control (Destination Advertisement Object)"
"3699","44.897151","fe80::c30c:0:0:a","fe80::c30c:0:0:8","ICMPv6","76","RPL Control (Destination Advertisement Object)"
"3700","44.900478","fe80::c30c:0:0:a","fe80::c30c:0:0:8","ICMPv6","76","RPL Control (Destination Advertisement Object)"
"3701","44.903803","fe80::c30c:0:0:a","fe80::c30c:0:0:8","ICMPv6","76","RPL Control (Destination Advertisement Object)"
"3702","44.907129","fe80::c30c:0:0:a","fe80::c30c:0:0:8","ICMPv6","76","RPL Control (Destination Advertisement Object)"
"3703","44.910457","fe80::c30c:0:0:a","fe80::c30c:0:0:8","ICMPv6","76","RPL Control (Destination Advertisement Object)"
"3704","44.913783","fe80::c30c:0:0:a","fe80::c30c:0:0:8","ICMPv6","76","RPL Control (Destination Advertisement Object)"
"3705","44.917108","fe80::c30c:0:0:a","fe80::c30c:0:0:8","ICMPv6","76","RPL Control (Destination Advertisement Object)"
"3706","44.920435","fe80::c30c:0:0:a","fe80::c30c:0:0:8","ICMPv6","76","RPL Control (Destination Advertisement Object)"
"3707","44.923763","fe80::c30c:0:0:a","fe80::c30c:0:0:8","ICMPv6","76","RPL Control (Destination Advertisement Object)"
"3708","44.927096","fe80::c30c:0:0:a","fe80::c30c:0:0:8","ICMPv6","76","RPL Control (Destination Advertisement Object)"
"3709","44.930415","fe80::c30c:0:0:a","fe80::c30c:0:0:8","ICMPv6","76","RPL Control (Destination Advertisement Object)"
"3710","44.933742","fe80::c30c:0:0:a","fe80::c30c:0:0:8","ICMPv6","76","RPL Control (Destination Advertisement Object)"
"3711","44.937068","fe80::c30c:0:0:a","fe80::c30c:0:0:8","ICMPv6","76","RPL Control (Destination Advertisement Object)"
"3712","44.940394","fe80::c30c:0:0:a","fe80::c30c:0:0:8","ICMPv6","76","RPL Control (Destination Advertisement Object)"
"3713","44.943720","fe80::c30c:0:0:a","fe80::c30c:0:0:8","ICMPv6","76","RPL Control (Destination Advertisement Object)"
"3714","44.947047","fe80::c30c:0:0:a","fe80::c30c:0:0:8","ICMPv6","76","RPL Control (Destination Advertisement Object)"
"3715","44.950374","fe80::c30c:0:0:a","fe80::c30c:0:0:8","ICMPv6","76","RPL Control (Destination Advertisement Object)"
"3716","44.953214","","","IEEE 802.15.4","5","Ack"
"3717","44.995148","fe80::c30c:0:0:8","fe80::c30c:0:0:9","ICMPv6","76","RPL Control (Destination Advertisement Object)"
"3718","44.998492","fe80::c30c:0:0:8","fe80::c30c:0:0:9","ICMPv6","76","RPL Control (Destination Advertisement Object)"
"3719","45.001817","fe80::c30c:0:0:8","fe80::c30c:0:0:9","ICMPv6","76","RPL Control (Destination Advertisement Object)"
"3720","45.005145","fe80::c30c:0:0:8","fe80::c30c:0:0:9","ICMPv6","76","RPL Control (Destination Advertisement Object)"
"3721","45.008470","fe80::c30c:0:0:8","fe80::c30c:0:0:9","ICMPv6","76","RPL Control (Destination Advertisement Object)"
"3722","45.011768","fe80::c30c:0:0:8","fe80::c30c:0:0:9","ICMPv6","76","RPL Control (Destination Advertisement Object)"
"3723","45.015093","fe80::c30c:0:0:8","fe80::c30c:0:0:9","ICMPv6","76","RPL Control (Destination Advertisement Object)"
"3724","45.018421","fe80::c30c:0:0:8","fe80::c30c:0:0:9","ICMPv6","76","RPL Control (Destination Advertisement Object)"
"3725","45.021746","fe80::c30c:0:0:8","fe80::c30c:0:0:9","ICMPv6","76","RPL Control (Destination Advertisement Object)"
"3726","45.025072","fe80::c30c:0:0:8","fe80::c30c:0:0:9","ICMPv6","76","RPL Control (Destination Advertisement Object)"
"3727","45.028400","fe80::c30c:0:0:8","fe80::c30c:0:0:9","ICMPv6","76","RPL Control (Destination Advertisement Object)"
"3728","45.031726","fe80::c30c:0:0:8","fe80::c30c:0:0:9","ICMPv6","76","RPL Control (Destination Advertisement Object)"
"3729","45.035052","fe80::c30c:0:0:8","fe80::c30c:0:0:9","ICMPv6","76","RPL Control (Destination Advertisement Object)"
"3730","45.038379","fe80::c30c:0:0:8","fe80::c30c:0:0:9","ICMPv6","76","RPL Control (Destination Advertisement Object)"
"3731","45.041704","fe80::c30c:0:0:8","fe80::c30c:0:0:9","ICMPv6","76","RPL Control (Destination Advertisement Object)"
"3732","45.045000","fe80::c30c:0:0:8","fe80::c30c:0:0:9","ICMPv6","76","RPL Control (Destination Advertisement Object)"
"3733","45.048296","fe80::c30c:0:0:8","fe80::c30c:0:0:9","ICMPv6","76","RPL Control (Destination Advertisement Object)"
"3734","45.051624","fe80::c30c:0:0:8","fe80::c30c:0:0:9","ICMPv6","76","RPL Control (Destination Advertisement Object)"
"3735","45.054949","fe80::c30c:0:0:8","fe80::c30c:0:0:9","ICMPv6","76","RPL Control (Destination Advertisement Object)"
"3736","45.058275","fe80::c30c:0:0:8","fe80::c30c:0:0:9","ICMPv6","76","RPL Control (Destination Advertisement Object)"
"3737","45.061601","fe80::c30c:0:0:8","fe80::c30c:0:0:9","ICMPv6","76","RPL Control (Destination Advertisement Object)"
"3738","45.064899","fe80::c30c:0:0:8","fe80::c30c:0:0:9","ICMPv6","76","RPL Control (Destination Advertisement Object)"
"3739","45.068224","fe80::c30c:0:0:8","fe80::c30c:0:0:9","ICMPv6","76","RPL Control (Destination Advertisement Object)"
"3740","45.071552","fe80::c30c:0:0:8","fe80::c30c:0:0:9","ICMPv6","76","RPL Control (Destination Advertisement Object)"
"3741","45.074879","fe80::c30c:0:0:8","fe80::c30c:0:0:9","ICMPv6","76","RPL Control (Destination Advertisement Object)"
"3742","45.078205","fe80::c30c:0:0:8","fe80::c30c:0:0:9","ICMPv6","76","RPL Control (Destination Advertisement Object)"
"3743","45.081531","fe80::c30c:0:0:8","fe80::c30c:0:0:9","ICMPv6","76","RPL Control (Destination Advertisement Object)"
"3744","45.084858","fe80::c30c:0:0:8","fe80::c30c:0:0:9","ICMPv6","76","RPL Control (Destination Advertisement Object)"
"3745","45.087698","","","IEEE 802.15.4","5","Ack"
"3746","45.123016","fe80::c30c:0:0:9","fe80::c30c:0:0:7","ICMPv6","76","RPL Control (Destination Advertisement Object)"
"3747","45.126387","fe80::c30c:0:0:9","fe80::c30c:0:0:7","ICMPv6","76","RPL Control (Destination Advertisement Object)"
"3748","45.129715","fe80::c30c:0:0:9","fe80::c30c:0:0:7","ICMPv6","76","RPL Control (Destination Advertisement Object)"
"3749","45.133040","fe80::c30c:0:0:9","fe80::c30c:0:0:7","ICMPv6","76","RPL Control (Destination Advertisement Object)"
"3750","45.136367","fe80::c30c:0:0:9","fe80::c30c:0:0:7","ICMPv6","76","RPL Control (Destination Advertisement Object)"
"3751","45.139694","fe80::c30c:0:0:9","fe80::c30c:0:0:7","ICMPv6","76","RPL Control (Destination Advertisement Object)"
"3752","45.143020","fe80::c30c:0:0:9","fe80::c30c:0:0:7","ICMPv6","76","RPL Control (Destination Advertisement Object)"
"3753","45.146345","fe80::c30c:0:0:9","fe80::c30c:0:0:7","ICMPv6","76","RPL Control (Destination Advertisement Object)"
"3754","45.149641","fe80::c30c:0:0:9","fe80::c30c:0:0:7","ICMPv6","76","RPL Control (Destination Advertisement Object)"
"3755","45.152937","fe80::c30c:0:0:9","fe80::c30c:0:0:7","ICMPv6","76","RPL Control (Destination Advertisement Object)"
"3756","45.155779","","","IEEE 802.15.4","5","Ack"
"3757","45.190543","fe80::c30c:0:0:7","fe80::c30c:0:0:3","ICMPv6","76","RPL Control (Destination Advertisement Object)"
"3758","45.193857","fe80::c30c:0:0:7","fe80::c30c:0:0:3","ICMPv6","76","RPL Control (Destination Advertisement Object)"
"3759","45.197183","fe80::c30c:0:0:7","fe80::c30c:0:0:3","ICMPv6","76","RPL Control (Destination Advertisement Object)"
"3760","45.200510","fe80::c30c:0:0:7","fe80::c30c:0:0:3","ICMPv6","76","RPL Control (Destination Advertisement Object)"
"3761","45.203835","fe80::c30c:0:0:7","fe80::c30c:0:0:3","ICMPv6","76","RPL Control (Destination Advertisement Object)"
"3762","45.207163","fe80::c30c:0:0:7","fe80::c30c:0:0:3","ICMPv6","76","RPL Control (Destination Advertisement Object)"
"3763","45.210488","fe80::c30c:0:0:7","fe80::c30c:0:0:3","ICMPv6","76","RPL Control (Destination Advertisement Object)"
"3764","45.213816","fe80::c30c:0:0:7","fe80::c30c:0:0:3","ICMPv6","76","RPL Control (Destination Advertisement Object)"
"3765","45.217142","fe80::c30c:0:0:7","fe80::c30c:0:0:3","ICMPv6","76","RPL Control (Destination Advertisement Object)"
"3766","45.220469","fe80::c30c:0:0:7","fe80::c30c:0:0:3","ICMPv6","76","RPL Control (Destination Advertisement Object)"
"3767","45.223793","fe80::c30c:0:0:7","fe80::c30c:0:0:3","ICMPv6","76","RPL Control (Destination Advertisement Object)"
"3768","45.227091","fe80::c30c:0:0:7","fe80::c30c:0:0:3","ICMPv6","76","RPL Control (Destination Advertisement Object)"
"3769","45.230417","fe80::c30c:0:0:7","fe80::c30c:0:0:3","ICMPv6","76","RPL Control (Destination Advertisement Object)"
"3770","45.233743","fe80::c30c:0:0:7","fe80::c30c:0:0:3","ICMPv6","76","RPL Control (Destination Advertisement Object)"
"3771","45.237068","fe80::c30c:0:0:7","fe80::c30c:0:0:3","ICMPv6","76","RPL Control (Destination Advertisement Object)"
"3772","45.240396","fe80::c30c:0:0:7","fe80::c30c:0:0:3","ICMPv6","76","RPL Control (Destination Advertisement Object)"
"3773","45.243722","fe80::c30c:0:0:7","fe80::c30c:0:0:3","ICMPv6","76","RPL Control (Destination Advertisement Object)"
"3774","45.247050","fe80::c30c:0:0:7","fe80::c30c:0:0:3","ICMPv6","76","RPL Control (Destination Advertisement Object)"
"3775","45.250376","fe80::c30c:0:0:7","fe80::c30c:0:0:3","ICMPv6","76","RPL Control (Destination Advertisement Object)"
"3776","45.253702","fe80::c30c:0:0:7","fe80::c30c:0:0:3","ICMPv6","76","RPL Control (Destination Advertisement Object)"
"3777","45.257027","fe80::c30c:0:0:7","fe80::c30c:0:0:3","ICMPv6","76","RPL Control (Destination Advertisement Object)"
"3778","45.260323","fe80::c30c:0:0:7","fe80::c30c:0:0:3","ICMPv6","76","RPL Control (Destination Advertisement Object)"
"3779","45.263651","fe80::c30c:0:0:7","fe80::c30c:0:0:3","ICMPv6","76","RPL Control (Destination Advertisement Object)"
"3780","45.266977","fe80::c30c:0:0:7","fe80::c30c:0:0:3","ICMPv6","76","RPL Control (Destination Advertisement Object)"
"3781","45.270303","fe80::c30c:0:0:7","fe80::c30c:0:0:3","ICMPv6","76","RPL Control (Destination Advertisement Object)"
"3782","45.273630","fe80::c30c:0:0:7","fe80::c30c:0:0:3","ICMPv6","76","RPL Control (Destination Advertisement Object)"
"3783","45.276957","fe80::c30c:0:0:7","fe80::c30c:0:0:3","ICMPv6","76","RPL Control (Destination Advertisement Object)"
"3784","45.279798","","","IEEE 802.15.4","5","Ack"
"3785","45.315404","fe80::c30c:0:0:3","fe80::c30c:0:0:b","ICMPv6","76","RPL Control (Destination Advertisement Object)"
"3786","45.318715","fe80::c30c:0:0:3","fe80::c30c:0:0:b","ICMPv6","76","RPL Control (Destination Advertisement Object)"
"3787","45.321556","","","IEEE 802.15.4","5","Ack"
"3788","45.357834","fe80::c30c:0:0:b","fe80::c30c:0:0:1","ICMPv6","76","RPL Control (Destination Advertisement Object)"
"3789","45.361147","fe80::c30c:0:0:b","fe80::c30c:0:0:1","ICMPv6","76","RPL Control (Destination Advertisement Object)"
"3790","45.364443","fe80::c30c:0:0:b","fe80::c30c:0:0:1","ICMPv6","76","RPL Control (Destination Advertisement Object)"
"3791","45.367771","fe80::c30c:0:0:b","fe80::c30c:0:0:1","ICMPv6","76","RPL Control (Destination Advertisement Object)"
"3792","45.371097","fe80::c30c:0:0:b","fe80::c30c:0:0:1","ICMPv6","76","RPL Control (Destination Advertisement Object)"
"3793","45.374424","fe80::c30c:0:0:b","fe80::c30c:0:0:1","ICMPv6","76","RPL Control (Destination Advertisement Object)"
"3794","45.377748","fe80::c30c:0:0:b","fe80::c30c:0:0:1","ICMPv6","76","RPL Control (Destination Advertisement Object)"
"3795","45.381046","fe80::c30c:0:0:b","fe80::c30c:0:0:1","ICMPv6","76","RPL Control (Destination Advertisement Object)"
"3796","45.384371","fe80::c30c:0:0:b","fe80::c30c:0:0:1","ICMPv6","76","RPL Control (Destination Advertisement Object)"
"3797","45.387211","","","IEEE 802.15.4","5","Ack"
"3798","45.434244","fe80::c30c:0:0:a","ff02::1a","ICMPv6","97","RPL Control (DODAG Information Object)"
"3799","45.438569","fe80::c30c:0:0:a","ff02::1a","ICMPv6","97","RPL Control (DODAG Information Object)"
"3800","45.442902","fe80::c30c:0:0:a","ff02::1a","ICMPv6","97","RPL Control (DODAG Information Object)"
"3801","45.447235","fe80::c30c:0:0:a","ff02::1a","ICMPv6","97","RPL Control (DODAG Information Object)"
"3802","45.451579","fe80::c30c:0:0:a","ff02::1a","ICMPv6","97","RPL Control (DODAG Information Object)"
"3803","45.455914","fe80::c30c:0:0:a","ff02::1a","ICMPv6","97","RPL Control (DODAG Information Object)"
"3804","45.460246","fe80::c30c:0:0:a","ff02::1a","ICMPv6","97","RPL Control (DODAG Information Object)"
"3805","45.464579","fe80::c30c:0:0:a","ff02::1a","ICMPv6","97","RPL Control (DODAG Information Object)"
"3806","45.468913","fe80::c30c:0:0:a","ff02::1a","ICMPv6","97","RPL Control (DODAG Information Object)"
"3807","45.473247","fe80::c30c:0:0:a","ff02::1a","ICMPv6","97","RPL Control (DODAG Information Object)"
"3808","45.477579","fe80::c30c:0:0:a","ff02::1a","ICMPv6","97","RPL Control (DODAG Information Object)"
"3809","45.481912","fe80::c30c:0:0:a","ff02::1a","ICMPv6","97","RPL Control (DODAG Information Object)"
"3810","45.486247","fe80::c30c:0:0:a","ff02::1a","ICMPv6","97","RPL Control (DODAG Information Object)"
"3811","45.490580","fe80::c30c:0:0:a","ff02::1a","ICMPv6","97","RPL Control (DODAG Information Object)"
"3812","45.494915","fe80::c30c:0:0:a","ff02::1a","ICMPv6","97","RPL Control (DODAG Information Object)"
"3813","45.499248","fe80::c30c:0:0:a","ff02::1a","ICMPv6","97","RPL Control (DODAG Information Object)"
"3814","45.503572","fe80::c30c:0:0:a","ff02::1a","ICMPv6","97","RPL Control (DODAG Information Object)"
"3815","45.507914","fe80::c30c:0:0:a","ff02::1a","ICMPv6","97","RPL Control (DODAG Information Object)"
"3816","45.512249","fe80::c30c:0:0:a","ff02::1a","ICMPv6","97","RPL Control (DODAG Information Object)"
"3817","45.516582","fe80::c30c:0:0:a","ff02::1a","ICMPv6","97","RPL Control (DODAG Information Object)"
"3818","45.520905","fe80::c30c:0:0:a","ff02::1a","ICMPv6","97","RPL Control (DODAG Information Object)"
"3819","45.525249","fe80::c30c:0:0:a","ff02::1a","ICMPv6","97","RPL Control (DODAG Information Object)"
"3820","45.529583","fe80::c30c:0:0:a","ff02::1a","ICMPv6","97","RPL Control (DODAG Information Object)"
"3821","45.533915","fe80::c30c:0:0:a","ff02::1a","ICMPv6","97","RPL Control (DODAG Information Object)"
"3822","45.538250","fe80::c30c:0:0:a","ff02::1a","ICMPv6","97","RPL Control (DODAG Information Object)"
"3823","45.542582","fe80::c30c:0:0:a","ff02::1a","ICMPv6","97","RPL Control (DODAG Information Object)"
"3824","45.546917","fe80::c30c:0:0:a","ff02::1a","ICMPv6","97","RPL Control (DODAG Information Object)"
"3825","45.551249","fe80::c30c:0:0:a","ff02::1a","ICMPv6","97","RPL Control (DODAG Information Object)"
"3826","45.555573","fe80::c30c:0:0:a","ff02::1a","ICMPv6","97","RPL Control (DODAG Information Object)"
"3827","45.559908","fe80::c30c:0:0:a","ff02::1a","ICMPv6","97","RPL Control (DODAG Information Object)"
"3828","46.702034","fe80::c30c:0:0:a","fe80::c30c:0:0:8","ICMPv6","102","RPL Control (DODAG Information Object)"
"3829","46.706171","fe80::c30c:0:0:a","fe80::c30c:0:0:8","ICMPv6","102","RPL Control (DODAG Information Object)"
"3830","46.710322","fe80::c30c:0:0:a","fe80::c30c:0:0:8","ICMPv6","102","RPL Control (DODAG Information Object)"
"3831","46.714473","fe80::c30c:0:0:a","fe80::c30c:0:0:8","ICMPv6","102","RPL Control (DODAG Information Object)"
"3832","46.718624","fe80::c30c:0:0:a","fe80::c30c:0:0:8","ICMPv6","102","RPL Control (DODAG Information Object)"
"3833","46.722774","fe80::c30c:0:0:a","fe80::c30c:0:0:8","ICMPv6","102","RPL Control (DODAG Information Object)"
"3834","46.726923","fe80::c30c:0:0:a","fe80::c30c:0:0:8","ICMPv6","102","RPL Control (DODAG Information Object)"
"3835","46.731074","fe80::c30c:0:0:a","fe80::c30c:0:0:8","ICMPv6","102","RPL Control (DODAG Information Object)"
"3836","46.735225","fe80::c30c:0:0:a","fe80::c30c:0:0:8","ICMPv6","102","RPL Control (DODAG Information Object)"
"3837","46.739376","fe80::c30c:0:0:a","fe80::c30c:0:0:8","ICMPv6","102","RPL Control (DODAG Information Object)"
"3838","46.743526","fe80::c30c:0:0:a","fe80::c30c:0:0:8","ICMPv6","102","RPL Control (DODAG Information Object)"
"3839","46.747676","fe80::c30c:0:0:a","fe80::c30c:0:0:8","ICMPv6","102","RPL Control (DODAG Information Object)"
"3840","46.751827","fe80::c30c:0:0:a","fe80::c30c:0:0:8","ICMPv6","102","RPL Control (DODAG Information Object)"
"3841","46.755977","fe80::c30c:0:0:a","fe80::c30c:0:0:8","ICMPv6","102","RPL Control (DODAG Information Object)"
"3842","46.760127","fe80::c30c:0:0:a","fe80::c30c:0:0:8","ICMPv6","102","RPL Control (DODAG Information Object)"
"3843","46.764278","fe80::c30c:0:0:a","fe80::c30c:0:0:8","ICMPv6","102","RPL Control (DODAG Information Object)"
"3844","46.768428","fe80::c30c:0:0:a","fe80::c30c:0:0:8","ICMPv6","102","RPL Control (DODAG Information Object)"
"3845","46.772579","fe80::c30c:0:0:a","fe80::c30c:0:0:8","ICMPv6","102","RPL Control (DODAG Information Object)"
"3846","46.776729","fe80::c30c:0:0:a","fe80::c30c:0:0:8","ICMPv6","102","RPL Control (DODAG Information Object)"
"3847","46.780879","fe80::c30c:0:0:a","fe80::c30c:0:0:8","ICMPv6","102","RPL Control (DODAG Information Object)"
"3848","46.785030","fe80::c30c:0:0:a","fe80::c30c:0:0:8","ICMPv6","102","RPL Control (DODAG Information Object)"
"3849","46.789179","fe80::c30c:0:0:a","fe80::c30c:0:0:8","ICMPv6","102","RPL Control (DODAG Information Object)"
"3850","46.793329","fe80::c30c:0:0:a","fe80::c30c:0:0:8","ICMPv6","102","RPL Control (DODAG Information Object)"
"3851","46.797481","fe80::c30c:0:0:a","fe80::c30c:0:0:8","ICMPv6","102","RPL Control (DODAG Information Object)"
"3852","46.801631","fe80::c30c:0:0:a","fe80::c30c:0:0:8","ICMPv6","102","RPL Control (DODAG Information Object)"
"3853","46.805782","fe80::c30c:0:0:a","fe80::c30c:0:0:8","ICMPv6","102","RPL Control (DODAG Information Object)"
"3854","46.809932","fe80::c30c:0:0:a","fe80::c30c:0:0:8","ICMPv6","102","RPL Control (DODAG Information Object)"
"3855","46.814083","fe80::c30c:0:0:a","fe80::c30c:0:0:8","ICMPv6","102","RPL Control (DODAG Information Object)"
"3856","46.818232","fe80::c30c:0:0:a","fe80::c30c:0:0:8","ICMPv6","102","RPL Control (DODAG Information Object)"
"3857","46.822383","fe80::c30c:0:0:a","fe80::c30c:0:0:8","ICMPv6","102","RPL Control (DODAG Information Object)"
"3858","46.826532","fe80::c30c:0:0:a","fe80::c30c:0:0:8","ICMPv6","102","RPL Control (DODAG Information Object)"
"3859","46.830203","","","IEEE 802.15.4","5","Ack"
"3860","50.848244","fe80::c30c:0:0:a","ff02::1a","ICMPv6","97","RPL Control (DODAG Information Object)"
"3861","50.852581","fe80::c30c:0:0:a","ff02::1a","ICMPv6","97","RPL Control (DODAG Information Object)"
"3862","50.856907","fe80::c30c:0:0:a","ff02::1a","ICMPv6","97","RPL Control (DODAG Information Object)"
"3863","50.861247","fe80::c30c:0:0:a","ff02::1a","ICMPv6","97","RPL Control (DODAG Information Object)"
"3864","50.865581","fe80::c30c:0:0:a","ff02::1a","ICMPv6","97","RPL Control (DODAG Information Object)"
"3865","50.869913","fe80::c30c:0:0:a","ff02::1a","ICMPv6","97","RPL Control (DODAG Information Object)"
"3866","50.874238","fe80::c30c:0:0:a","ff02::1a","ICMPv6","97","RPL Control (DODAG Information Object)"
"3867","50.878581","fe80::c30c:0:0:a","ff02::1a","ICMPv6","97","RPL Control (DODAG Information Object)"
"3868","50.882914","fe80::c30c:0:0:a","ff02::1a","ICMPv6","97","RPL Control (DODAG Information Object)"
"3869","50.887249","fe80::c30c:0:0:a","ff02::1a","ICMPv6","97","RPL Control (DODAG Information Object)"
"3870","50.891573","fe80::c30c:0:0:a","ff02::1a","ICMPv6","97","RPL Control (DODAG Information Object)"
"3871","50.895905","fe80::c30c:0:0:a","ff02::1a","ICMPv6","97","RPL Control (DODAG Information Object)"
"3872","50.900248","fe80::c30c:0:0:a","ff02::1a","ICMPv6","97","RPL Control (DODAG Information Object)"
"3873","50.904581","fe80::c30c:0:0:a","ff02::1a","ICMPv6","97","RPL Control (DODAG Information Object)"
"3874","50.908915","fe80::c30c:0:0:a","ff02::1a","ICMPv6","97","RPL Control (DODAG Information Object)"
"3875","50.913250","fe80::c30c:0:0:a","ff02::1a","ICMPv6","97","RPL Control (DODAG Information Object)"
"3876","50.917582","fe80::c30c:0:0:a","ff02::1a","ICMPv6","97","RPL Control (DODAG Information Object)"
"3877","50.921917","fe80::c30c:0:0:a","ff02::1a","ICMPv6","97","RPL Control (DODAG Information Object)"
"3878","50.926249","fe80::c30c:0:0:a","ff02::1a","ICMPv6","97","RPL Control (DODAG Information Object)"
"3879","50.930573","fe80::c30c:0:0:a","ff02::1a","ICMPv6","97","RPL Control (DODAG Information Object)"
"3880","50.934908","fe80::c30c:0:0:a","ff02::1a","ICMPv6","97","RPL Control (DODAG Information Object)"
"3881","50.939240","fe80::c30c:0:0:a","ff02::1a","ICMPv6","97","RPL Control (DODAG Information Object)"
"3882","50.943584","fe80::c30c:0:0:a","ff02::1a","ICMPv6","97","RPL Control (DODAG Information Object)"
"3883","50.947918","fe80::c30c:0:0:a","ff02::1a","ICMPv6","97","RPL Control (DODAG Information Object)"
"3884","50.952251","fe80::c30c:0:0:a","ff02::1a","ICMPv6","97","RPL Control (DODAG Information Object)"
"3885","50.956583","fe80::c30c:0:0:a","ff02::1a","ICMPv6","97","RPL Control (DODAG Information Object)"
"3886","50.960918","fe80::c30c:0:0:a","ff02::1a","ICMPv6","97","RPL Control (DODAG Information Object)"
"3887","50.965250","fe80::c30c:0:0:a","ff02::1a","ICMPv6","97","RPL Control (DODAG Information Object)"
"3888","50.969574","fe80::c30c:0:0:a","ff02::1a","ICMPv6","97","RPL Control (DODAG Information Object)"
"3889","50.973929","fe80::c30c:0:0:a","ff02::1a","ICMPv6","97","RPL Control (DODAG Information Object)"
"3890","54.389999","fe80::c30c:0:0:4","ff02::1a","ICMPv6","97","RPL Control (DODAG Information Object)"
"3891","54.394336","fe80::c30c:0:0:4","ff02::1a","ICMPv6","97","RPL Control (DODAG Information Object)"
"3892","54.398667","fe80::c30c:0:0:4","ff02::1a","ICMPv6","97","RPL Control (DODAG Information Object)"
"3893","54.403004","fe80::c30c:0:0:4","ff02::1a","ICMPv6","97","RPL Control (DODAG Information Object)"
"3894","54.407337","fe80::c30c:0:0:4","ff02::1a","ICMPv6","97","RPL Control (DODAG Information Object)"
"3895","54.411671","fe80::c30c:0:0:4","ff02::1a","ICMPv6","97","RPL Control (DODAG Information Object)"
"3896","54.415995","fe80::c30c:0:0:4","ff02::1a","ICMPv6","97","RPL Control (DODAG Information Object)"
"3897","54.420326","fe80::c30c:0:0:4","ff02::1a","ICMPv6","97","RPL Control (DODAG Information Object)"
"3898","54.424671","fe80::c30c:0:0:4","ff02::1a","ICMPv6","97","RPL Control (DODAG Information Object)"
"3899","54.429005","fe80::c30c:0:0:4","ff02::1a","ICMPv6","97","RPL Control (DODAG Information Object)"
"3900","54.433329","fe80::c30c:0:0:4","ff02::1a","ICMPv6","97","RPL Control (DODAG Information Object)"
"3901","54.437683","fe80::c30c:0:0:4","ff02::1a","ICMPv6","97","RPL Control (DODAG Information Object)"
"3902","54.442005","fe80::c30c:0:0:4","ff02::1a","ICMPv6","97","RPL Control (DODAG Information Object)"
"3903","54.446328","fe80::c30c:0:0:4","ff02::1a","ICMPv6","97","RPL Control (DODAG Information Object)"
"3904","54.450671","fe80::c30c:0:0:4","ff02::1a","ICMPv6","97","RPL Control (DODAG Information Object)"
"3905","54.455005","fe80::c30c:0:0:4","ff02::1a","ICMPv6","97","RPL Control (DODAG Information Object)"
"3906","54.459339","fe80::c30c:0:0:4","ff02::1a","ICMPv6","97","RPL Control (DODAG Information Object)"
"3907","54.463673","fe80::c30c:0:0:4","ff02::1a","ICMPv6","97","RPL Control (DODAG Information Object)"
"3908","54.467996","fe80::c30c:0:0:4","ff02::1a","ICMPv6","97","RPL Control (DODAG Information Object)"
"3909","54.472330","fe80::c30c:0:0:4","ff02::1a","ICMPv6","97","RPL Control (DODAG Information Object)"
"3910","54.476673","fe80::c30c:0:0:4","ff02::1a","ICMPv6","97","RPL Control (DODAG Information Object)"
"3911","54.481006","fe80::c30c:0:0:4","ff02::1a","ICMPv6","97","RPL Control (DODAG Information Object)"
"3912","54.485360","fe80::c30c:0:0:4","ff02::1a","ICMPv6","97","RPL Control (DODAG Information Object)"
"3913","54.489703","fe80::c30c:0:0:4","ff02::1a","ICMPv6","97","RPL Control (DODAG Information Object)"
"3914","54.494037","fe80::c30c:0:0:4","ff02::1a","ICMPv6","97","RPL Control (DODAG Information Object)"
"3915","54.498371","fe80::c30c:0:0:4","ff02::1a","ICMPv6","97","RPL Control (DODAG Information Object)"
"3916","54.502704","fe80::c30c:0:0:4","ff02::1a","ICMPv6","97","RPL Control (DODAG Information Object)"
"3917","54.507038","fe80::c30c:0:0:4","ff02::1a","ICMPv6","97","RPL Control (DODAG Information Object)"
"3918","54.511372","fe80::c30c:0:0:4","ff02::1a","ICMPv6","97","RPL Control (DODAG Information Object)"
"3919","54.515696","fe80::c30c:0:0:4","ff02::1a","ICMPv6","97","RPL Control (DODAG Information Object)"
"3920","55.945099","fe80::c30c:0:0:a","fe80::c30c:0:0:8","ICMPv6","102","RPL Control (DODAG Information Object)"
"3921","55.949244","fe80::c30c:0:0:a","fe80::c30c:0:0:8","ICMPv6","102","RPL Control (DODAG Information Object)"
"3922","55.952915","","","IEEE 802.15.4","5","Ack"
"3923","56.101985","fe80::c30c:0:0:9","ff02::1a","ICMPv6","97","RPL Control (DODAG Information Object)"
"3924","56.106323","fe80::c30c:0:0:9","ff02::1a","ICMPv6","97","RPL Control (DODAG Information Object)"
"3925","56.110657","fe80::c30c:0:0:9","ff02::1a","ICMPv6","97","RPL Control (DODAG Information Object)"
"3926","56.114990","fe80::c30c:0:0:9","ff02::1a","ICMPv6","97","RPL Control (DODAG Information Object)"
"3927","56.119324","fe80::c30c:0:0:9","ff02::1a","ICMPv6","97","RPL Control (DODAG Information Object)"
"3928","56.123656","fe80::c30c:0:0:9","ff02::1a","ICMPv6","97","RPL Control (DODAG Information Object)"
"3929","56.127989","fe80::c30c:0:0:9","ff02::1a","ICMPv6","97","RPL Control (DODAG Information Object)"
"3930","56.132323","fe80::c30c:0:0:9","ff02::1a","ICMPv6","97","RPL Control (DODAG Information Object)"
"3931","56.136648","fe80::c30c:0:0:9","ff02::1a","ICMPv6","97","RPL Control (DODAG Information Object)"
"3932","56.140991","fe80::c30c:0:0:9","ff02::1a","ICMPv6","97","RPL Control (DODAG Information Object)"
"3933","56.145325","fe80::c30c:0:0:9","ff02::1a","ICMPv6","97","RPL Control (DODAG Information Object)"
"3934","56.149687","fe80::c30c:0:0:9","ff02::1a","ICMPv6","97","RPL Control (DODAG Information Object)"
"3935","56.154022","fe80::c30c:0:0:9","ff02::1a","ICMPv6","97","RPL Control (DODAG Information Object)"
"3936","56.158355","fe80::c30c:0:0:9","ff02::1a","ICMPv6","97","RPL Control (DODAG Information Object)"
"3937","56.162689","fe80::c30c:0:0:9","ff02::1a","ICMPv6","97","RPL Control (DODAG Information Object)"
"3938","56.167023","fe80::c30c:0:0:9","ff02::1a","ICMPv6","97","RPL Control (DODAG Information Object)"
"3939","56.171355","fe80::c30c:0:0:9","ff02::1a","ICMPv6","97","RPL Control (DODAG Information Object)"
"3940","56.175680","fe80::c30c:0:0:9","ff02::1a","ICMPv6","97","RPL Control (DODAG Information Object)"
"3941","56.180012","fe80::c30c:0:0:9","ff02::1a","ICMPv6","97","RPL Control (DODAG Information Object)"
"3942","56.184356","fe80::c30c:0:0:9","ff02::1a","ICMPv6","97","RPL Control (DODAG Information Object)"
"3943","56.188681","fe80::c30c:0:0:9","ff02::1a","ICMPv6","97","RPL Control (DODAG Information Object)"
"3944","56.193023","fe80::c30c:0:0:9","ff02::1a","ICMPv6","97","RPL Control (DODAG Information Object)"
"3945","56.197356","fe80::c30c:0:0:9","ff02::1a","ICMPv6","97","RPL Control (DODAG Information Object)"
"3946","56.201691","fe80::c30c:0:0:9","ff02::1a","ICMPv6","97","RPL Control (DODAG Information Object)"
"3947","56.206025","fe80::c30c:0:0:9","ff02::1a","ICMPv6","97","RPL Control (DODAG Information Object)"
"3948","56.210358","fe80::c30c:0:0:9","ff02::1a","ICMPv6","97","RPL Control (DODAG Information Object)"
"3949","56.214692","fe80::c30c:0:0:9","ff02::1a","ICMPv6","97","RPL Control (DODAG Information Object)"
"3950","56.219015","fe80::c30c:0:0:9","ff02::1a","ICMPv6","97","RPL Control (DODAG Information Object)"
"3951","56.223347","fe80::c30c:0:0:9","ff02::1a","ICMPv6","97","RPL Control (DODAG Information Object)"
"3952","56.227691","fe80::c30c:0:0:9","ff02::1a","ICMPv6","97","RPL Control (DODAG Information Object)"
"3953","56.820099","fe80::c30c:0:0:8","fe80::c30c:0:0:9","ICMPv6","102","RPL Control (DODAG Information Object)"
"3954","56.824237","fe80::c30c:0:0:8","fe80::c30c:0:0:9","ICMPv6","102","RPL Control (DODAG Information Object)"
"3955","56.828388","fe80::c30c:0:0:8","fe80::c30c:0:0:9","ICMPv6","102","RPL Control (DODAG Information Object)"
"3956","56.832538","fe80::c30c:0:0:8","fe80::c30c:0:0:9","ICMPv6","102","RPL Control (DODAG Information Object)"
"3957","56.836688","fe80::c30c:0:0:8","fe80::c30c:0:0:9","ICMPv6","102","RPL Control (DODAG Information Object)"
"3958","56.840359","","","IEEE 802.15.4","5","Ack"
"3959","57.908212","fe80::c30c:0:0:1","ff02::1a","ICMPv6","97","RPL Control (DODAG Information Object)"
"3960","57.912540","fe80::c30c:0:0:1","ff02::1a","ICMPv6","97","RPL Control (DODAG Information Object)"
"3961","57.916873","fe80::c30c:0:0:1","ff02::1a","ICMPv6","97","RPL Control (DODAG Information Object)"
"3962","57.921217","fe80::c30c:0:0:1","ff02::1a","ICMPv6","97","RPL Control (DODAG Information Object)"
"3963","57.925541","fe80::c30c:0:0:1","ff02::1a","ICMPv6","97","RPL Control (DODAG Information Object)"
"3964","57.929884","fe80::c30c:0:0:1","ff02::1a","ICMPv6","97","RPL Control (DODAG Information Object)"
"3965","57.934217","fe80::c30c:0:0:1","ff02::1a","ICMPv6","97","RPL Control (DODAG Information Object)"
"3966","57.938551","fe80::c30c:0:0:1","ff02::1a","ICMPv6","97","RPL Control (DODAG Information Object)"
"3967","57.942884","fe80::c30c:0:0:1","ff02::1a","ICMPv6","97","RPL Control (DODAG Information Object)"
"3968","57.947218","fe80::c30c:0:0:1","ff02::1a","ICMPv6","97","RPL Control (DODAG Information Object)"
"3969","57.951551","fe80::c30c:0:0:1","ff02::1a","ICMPv6","97","RPL Control (DODAG Information Object)"
"3970","57.955917","fe80::c30c:0:0:1","ff02::1a","ICMPv6","97","RPL Control (DODAG Information Object)"
"3971","57.960249","fe80::c30c:0:0:1","ff02::1a","ICMPv6","97","RPL Control (DODAG Information Object)"
"3972","57.964582","fe80::c30c:0:0:1","ff02::1a","ICMPv6","97","RPL Control (DODAG Information Object)"
"3973","57.968916","fe80::c30c:0:0:1","ff02::1a","ICMPv6","97","RPL Control (DODAG Information Object)"
"3974","57.973250","fe80::c30c:0:0:1","ff02::1a","ICMPv6","97","RPL Control (DODAG Information Object)"
"3975","57.977572","fe80::c30c:0:0:1","ff02::1a","ICMPv6","97","RPL Control (DODAG Information Object)"
"3976","57.981916","fe80::c30c:0:0:1","ff02::1a","ICMPv6","97","RPL Control (DODAG Information Object)"
"3977","57.986250","fe80::c30c:0:0:1","ff02::1a","ICMPv6","97","RPL Control (DODAG Information Object)"
"3978","57.990584","fe80::c30c:0:0:1","ff02::1a","ICMPv6","97","RPL Control (DODAG Information Object)"
"3979","57.994908","fe80::c30c:0:0:1","ff02::1a","ICMPv6","97","RPL Control (DODAG Information Object)"
"3980","57.999240","fe80::c30c:0:0:1","ff02::1a","ICMPv6","97","RPL Control (DODAG Information Object)"
"3981","58.003615","fe80::c30c:0:0:1","ff02::1a","ICMPv6","97","RPL Control (DODAG Information Object)"
"3982","58.007947","fe80::c30c:0:0:1","ff02::1a","ICMPv6","97","RPL Control (DODAG Information Object)"
"3983","58.012271","fe80::c30c:0:0:1","ff02::1a","ICMPv6","97","RPL Control (DODAG Information Object)"
"3984","58.016614","fe80::c30c:0:0:1","ff02::1a","ICMPv6","97","RPL Control (DODAG Information Object)"
"3985","58.020938","fe80::c30c:0:0:1","ff02::1a","ICMPv6","97","RPL Control (DODAG Information Object)"
"3986","58.025282","fe80::c30c:0:0:1","ff02::1a","ICMPv6","97","RPL Control (DODAG Information Object)"
"3987","58.029616","fe80::c30c:0:0:1","ff02::1a","ICMPv6","97","RPL Control (DODAG Information Object)"
"3988","58.033948","fe80::c30c:0:0:1","ff02::1a","ICMPv6","97","RPL Control (DODAG Information Object)"
"3989","59.474349","fe80::c30c:0:0:b","ff02::1a","ICMPv6","97","RPL Control (DODAG Information Object)"
"3990","59.478677","fe80::c30c:0:0:b","ff02::1a","ICMPv6","97","RPL Control (DODAG Information Object)"
"3991","59.483016","fe80::c30c:0:0:b","ff02::1a","ICMPv6","97","RPL Control (DODAG Information Object)"
"3992","59.487353","fe80::c30c:0:0:b","ff02::1a","ICMPv6","97","RPL Control (DODAG Information Object)"
"3993","59.491678","fe80::c30c:0:0:b","ff02::1a","ICMPv6","97","RPL Control (DODAG Information Object)"
"3994","59.496021","fe80::c30c:0:0:b","ff02::1a","ICMPv6","97","RPL Control (DODAG Information Object)"
"3995","59.500354","fe80::c30c:0:0:b","ff02::1a","ICMPv6","97","RPL Control (DODAG Information Object)"
"3996","59.504688","fe80::c30c:0:0:b","ff02::1a","ICMPv6","97","RPL Control (DODAG Information Object)"
"3997","59.509022","fe80::c30c:0:0:b","ff02::1a","ICMPv6","97","RPL Control (DODAG Information Object)"
"3998","59.513355","fe80::c30c:0:0:b","ff02::1a","ICMPv6","97","RPL Control (DODAG Information Object)"
"3999","59.517688","fe80::c30c:0:0:b","ff02::1a","ICMPv6","97","RPL Control (DODAG Information Object)"
"4000","59.522013","fe80::c30c:0:0:b","ff02::1a","ICMPv6","97","RPL Control (DODAG Information Object)"
"4001","59.526345","fe80::c30c:0:0:b","ff02::1a","ICMPv6","97","RPL Control (DODAG Information Object)"
"4002","59.530688","fe80::c30c:0:0:b","ff02::1a","ICMPv6","97","RPL Control (DODAG Information Object)"
"4003","59.535023","fe80::c30c:0:0:b","ff02::1a","ICMPv6","97","RPL Control (DODAG Information Object)"
"4004","59.539356","fe80::c30c:0:0:b","ff02::1a","ICMPv6","97","RPL Control (DODAG Information Object)"
"4005","59.543679","fe80::c30c:0:0:b","ff02::1a","ICMPv6","97","RPL Control (DODAG Information Object)"
"4006","59.544219","fe80::c30c:0:0:8","ff02::1a","ICMPv6","97","RPL Control (DODAG Information Object)"
"4007","59.548023","fe80::c30c:0:0:b","ff02::1a","ICMPv6","97","RPL Control (DODAG Information Object)"
"4008","59.548556","fe80::c30c:0:0:8","ff02::1a","ICMPv6","97","RPL Control (DODAG Information Object)"
"4009","59.552356","fe80::c30c:0:0:b","ff02::1a","ICMPv6","97","RPL Control (DODAG Information Object)"
"4010","59.552883","fe80::c30c:0:0:8","ff02::1a","ICMPv6","97","RPL Control (DODAG Information Object)"
"4011","59.556679","fe80::c30c:0:0:b","ff02::1a","ICMPv6","97","RPL Control (DODAG Information Object)"
"4012","59.557225","fe80::c30c:0:0:8","ff02::1a","ICMPv6","97","RPL Control (DODAG Information Object)"
"4013","59.561035","fe80::c30c:0:0:b","ff02::1a","ICMPv6","97","RPL Control (DODAG Information Object)"
"4014","59.561558","fe80::c30c:0:0:8","ff02::1a","ICMPv6","97","RPL Control (DODAG Information Object)"
"4015","59.565355","fe80::c30c:0:0:b","ff02::1a","ICMPv6","97","RPL Control (DODAG Information Object)"
"4016","59.565880","fe80::c30c:0:0:8","ff02::1a","ICMPv6","97","RPL Control (DODAG Information Object)"
"4017","59.569690","fe80::c30c:0:0:b","ff02::1a","ICMPv6","97","RPL Control (DODAG Information Object)"
"4018","59.570224","fe80::c30c:0:0:8","ff02::1a","ICMPv6","97","RPL Control (DODAG Information Object)"
"4019","59.574024","fe80::c30c:0:0:b","ff02::1a","ICMPv6","97","RPL Control (DODAG Information Object)"
"4020","59.574558","fe80::c30c:0:0:8","ff02::1a","ICMPv6","97","RPL Control (DODAG Information Object)"
"4021","59.578358","fe80::c30c:0:0:b","ff02::1a","ICMPv6","97","RPL Control (DODAG Information Object)"
"4022","59.578882","fe80::c30c:0:0:8","ff02::1a","ICMPv6","97","RPL Control (DODAG Information Object)"
"4023","59.582680","fe80::c30c:0:0:b","ff02::1a","ICMPv6","97","RPL Control (DODAG Information Object)"
"4024","59.583225","fe80::c30c:0:0:8","ff02::1a","ICMPv6","97","RPL Control (DODAG Information Object)"
"4025","59.587024","fe80::c30c:0:0:b","ff02::1a","ICMPv6","97","RPL Control (DODAG Information Object)"
"4026","59.587558","fe80::c30c:0:0:8","ff02::1a","ICMPv6","97","RPL Control (DODAG Information Object)"
"4027","59.591358","fe80::c30c:0:0:b","ff02::1a","ICMPv6","97","RPL Control (DODAG Information Object)"
"4028","59.591883","fe80::c30c:0:0:8","ff02::1a","ICMPv6","97","RPL Control (DODAG Information Object)"
"4029","59.595692","fe80::c30c:0:0:b","ff02::1a","ICMPv6","97","RPL Control (DODAG Information Object)"
"4030","59.596225","fe80::c30c:0:0:8","ff02::1a","ICMPv6","97","RPL Control (DODAG Information Object)"
"4031","59.600016","fe80::c30c:0:0:b","ff02::1a","ICMPv6","97","RPL Control (DODAG Information Object)"
"4032","59.600558","fe80::c30c:0:0:8","ff02::1a","ICMPv6","97","RPL Control (DODAG Information Object)"
"4033","59.604891","fe80::c30c:0:0:8","ff02::1a","ICMPv6","97","RPL Control (DODAG Information Object)"
"4034","59.609226","fe80::c30c:0:0:8","ff02::1a","ICMPv6","97","RPL Control (DODAG Information Object)"
"4035","59.613558","fe80::c30c:0:0:8","ff02::1a","ICMPv6","97","RPL Control (DODAG Information Object)"
"4036","59.617893","fe80::c30c:0:0:8","ff02::1a","ICMPv6","97","RPL Control (DODAG Information Object)"
"4037","59.622225","fe80::c30c:0:0:8","ff02::1a","ICMPv6","97","RPL Control (DODAG Information Object)"
"4038","59.626549","fe80::c30c:0:0:8","ff02::1a","ICMPv6","97","RPL Control (DODAG Information Object)"
"4039","59.630883","fe80::c30c:0:0:8","ff02::1a","ICMPv6","97","RPL Control (DODAG Information Object)"
"4040","59.635216","fe80::c30c:0:0:8","ff02::1a","ICMPv6","97","RPL Control (DODAG Information Object)"
"4041","59.639560","fe80::c30c:0:0:8","ff02::1a","ICMPv6","97","RPL Control (DODAG Information Object)"
"4042","59.643894","fe80::c30c:0:0:8","ff02::1a","ICMPv6","97","RPL Control (DODAG Information Object)"
"4043","59.648228","fe80::c30c:0:0:8","ff02::1a","ICMPv6","97","RPL Control (DODAG Information Object)"
"4044","59.652560","fe80::c30c:0:0:8","ff02::1a","ICMPv6","97","RPL Control (DODAG Information Object)"
"4045","59.656895","fe80::c30c:0:0:8","ff02::1a","ICMPv6","97","RPL Control (DODAG Information Object)"
"4046","59.661227","fe80::c30c:0:0:8","ff02::1a","ICMPv6","97","RPL Control (DODAG Information Object)"
"4047","59.665551","fe80::c30c:0:0:8","ff02::1a","ICMPv6","97","RPL Control (DODAG Information Object)"
"4048","59.669906","fe80::c30c:0:0:8","ff02::1a","ICMPv6","97","RPL Control (DODAG Information Object)"
"4049","60.238761","fe80::c30c:0:0:2","ff02::1a","ICMPv6","97","RPL Control (DODAG Information Object)"
"4050","60.243096","fe80::c30c:0:0:2","ff02::1a","ICMPv6","97","RPL Control (DODAG Information Object)"
"4051","60.247428","fe80::c30c:0:0:2","ff02::1a","ICMPv6","97","RPL Control (DODAG Information Object)"
"4052","60.251763","fe80::c30c:0:0:2","ff02::1a","ICMPv6","97","RPL Control (DODAG Information Object)"
"4053","60.256088","fe80::c30c:0:0:2","ff02::1a","ICMPv6","97","RPL Control (DODAG Information Object)"
"4054","60.260430","fe80::c30c:0:0:2","ff02::1a","ICMPv6","97","RPL Control (DODAG Information Object)"
"4055","60.264764","fe80::c30c:0:0:2","ff02::1a","ICMPv6","97","RPL Control (DODAG Information Object)"
"4056","60.269098","fe80::c30c:0:0:2","ff02::1a","ICMPv6","97","RPL Control (DODAG Information Object)"
"4057","60.273432","fe80::c30c:0:0:2","ff02::1a","ICMPv6","97","RPL Control (DODAG Information Object)"
"4058","60.277764","fe80::c30c:0:0:2","ff02::1a","ICMPv6","97","RPL Control (DODAG Information Object)"
"4059","60.282097","fe80::c30c:0:0:2","ff02::1a","ICMPv6","97","RPL Control (DODAG Information Object)"
"4060","60.286428","fe80::c30c:0:0:2","ff02::1a","ICMPv6","97","RPL Control (DODAG Information Object)"
"4061","60.290765","fe80::c30c:0:0:2","ff02::1a","ICMPv6","97","RPL Control (DODAG Information Object)"
"4062","60.295099","fe80::c30c:0:0:2","ff02::1a","ICMPv6","97","RPL Control (DODAG Information Object)"
"4063","60.299431","fe80::c30c:0:0:2","ff02::1a","ICMPv6","97","RPL Control (DODAG Information Object)"
"4064","60.303766","fe80::c30c:0:0:2","ff02::1a","ICMPv6","97","RPL Control (DODAG Information Object)"
"4065","60.308098","fe80::c30c:0:0:2","ff02::1a","ICMPv6","97","RPL Control (DODAG Information Object)"
"4066","60.312433","fe80::c30c:0:0:2","ff02::1a","ICMPv6","97","RPL Control (DODAG Information Object)"
"4067","60.316765","fe80::c30c:0:0:2","ff02::1a","ICMPv6","97","RPL Control (DODAG Information Object)"
"4068","60.321089","fe80::c30c:0:0:2","ff02::1a","ICMPv6","97","RPL Control (DODAG Information Object)"
"4069","60.325444","fe80::c30c:0:0:2","ff02::1a","ICMPv6","97","RPL Control (DODAG Information Object)"
"4070","60.329757","fe80::c30c:0:0:2","ff02::1a","ICMPv6","97","RPL Control (DODAG Information Object)"
"4071","60.334091","fe80::c30c:0:0:2","ff02::1a","ICMPv6","97","RPL Control (DODAG Information Object)"
"4072","60.338433","fe80::c30c:0:0:2","ff02::1a","ICMPv6","97","RPL Control (DODAG Information Object)"
"4073","60.342767","fe80::c30c:0:0:2","ff02::1a","ICMPv6","97","RPL Control (DODAG Information Object)"
"4074","60.347101","fe80::c30c:0:0:2","ff02::1a","ICMPv6","97","RPL Control (DODAG Information Object)"
"4075","60.351435","fe80::c30c:0:0:2","ff02::1a","ICMPv6","97","RPL Control (DODAG Information Object)"
"4076","60.355758","fe80::c30c:0:0:2","ff02::1a","ICMPv6","97","RPL Control (DODAG Information Object)"
"4077","60.360092","fe80::c30c:0:0:2","ff02::1a","ICMPv6","97","RPL Control (DODAG Information Object)"
"4078","60.364435","fe80::c30c:0:0:2","ff02::1a","ICMPv6","97","RPL Control (DODAG Information Object)"
"4079","60.375769","fe80::c30c:0:0:b","fe80::c30c:0:0:1","ICMPv6","76","RPL Control (Destination Advertisement Object)"
"4080","60.379093","fe80::c30c:0:0:b","fe80::c30c:0:0:1","ICMPv6","76","RPL Control (Destination Advertisement Object)"
"4081","60.382419","fe80::c30c:0:0:b","fe80::c30c:0:0:1","ICMPv6","76","RPL Control (Destination Advertisement Object)"
"4082","60.385261","","","IEEE 802.15.4","5","Ack"
"4083","61.160202","fe80::c30c:0:0:4","fe80::c30c:0:0:1","ICMPv6","76","RPL Control (Destination Advertisement Object)"
"4084","61.163516","fe80::c30c:0:0:4","fe80::c30c:0:0:1","ICMPv6","76","RPL Control (Destination Advertisement Object)"
"4085","61.166843","fe80::c30c:0:0:4","fe80::c30c:0:0:1","ICMPv6","76","RPL Control (Destination Advertisement Object)"
"4086","61.170169","fe80::c30c:0:0:4","fe80::c30c:0:0:1","ICMPv6","76","RPL Control (Destination Advertisement Object)"
"4087","61.173494","fe80::c30c:0:0:4","fe80::c30c:0:0:1","ICMPv6","76","RPL Control (Destination Advertisement Object)"
"4088","61.176790","fe80::c30c:0:0:4","fe80::c30c:0:0:1","ICMPv6","76","RPL Control (Destination Advertisement Object)"
"4089","61.180118","fe80::c30c:0:0:4","fe80::c30c:0:0:1","ICMPv6","76","RPL Control (Destination Advertisement Object)"
"4090","61.183444","fe80::c30c:0:0:4","fe80::c30c:0:0:1","ICMPv6","76","RPL Control (Destination Advertisement Object)"
"4091","61.186771","fe80::c30c:0:0:4","fe80::c30c:0:0:1","ICMPv6","76","RPL Control (Destination Advertisement Object)"
"4092","61.190097","fe80::c30c:0:0:4","fe80::c30c:0:0:1","ICMPv6","76","RPL Control (Destination Advertisement Object)"
"4093","61.193422","fe80::c30c:0:0:4","fe80::c30c:0:0:1","ICMPv6","76","RPL Control (Destination Advertisement Object)"
"4094","61.196749","fe80::c30c:0:0:4","fe80::c30c:0:0:1","ICMPv6","76","RPL Control (Destination Advertisement Object)"
"4095","61.200046","fe80::c30c:0:0:4","fe80::c30c:0:0:1","ICMPv6","76","RPL Control (Destination Advertisement Object)"
"4096","61.203372","fe80::c30c:0:0:4","fe80::c30c:0:0:1","ICMPv6","76","RPL Control (Destination Advertisement Object)"
"4097","61.206697","fe80::c30c:0:0:4","fe80::c30c:0:0:1","ICMPv6","76","RPL Control (Destination Advertisement Object)"
"4098","61.209993","fe80::c30c:0:0:4","fe80::c30c:0:0:1","ICMPv6","76","RPL Control (Destination Advertisement Object)"
"4099","61.213291","fe80::c30c:0:0:4","fe80::c30c:0:0:1","ICMPv6","76","RPL Control (Destination Advertisement Object)"
"4100","61.216617","fe80::c30c:0:0:4","fe80::c30c:0:0:1","ICMPv6","76","RPL Control (Destination Advertisement Object)"
"4101","61.219943","fe80::c30c:0:0:4","fe80::c30c:0:0:1","ICMPv6","76","RPL Control (Destination Advertisement Object)"
"4102","61.223289","fe80::c30c:0:0:4","fe80::c30c:0:0:1","ICMPv6","76","RPL Control (Destination Advertisement Object)"
"4103","61.226597","fe80::c30c:0:0:4","fe80::c30c:0:0:1","ICMPv6","76","RPL Control (Destination Advertisement Object)"
"4104","61.229922","fe80::c30c:0:0:4","fe80::c30c:0:0:1","ICMPv6","76","RPL Control (Destination Advertisement Object)"
"4105","61.233249","fe80::c30c:0:0:4","fe80::c30c:0:0:1","ICMPv6","76","RPL Control (Destination Advertisement Object)"
"4106","61.236575","fe80::c30c:0:0:4","fe80::c30c:0:0:1","ICMPv6","76","RPL Control (Destination Advertisement Object)"
"4107","61.239900","fe80::c30c:0:0:4","fe80::c30c:0:0:1","ICMPv6","76","RPL Control (Destination Advertisement Object)"
"4108","61.243196","fe80::c30c:0:0:4","fe80::c30c:0:0:1","ICMPv6","76","RPL Control (Destination Advertisement Object)"
"4109","61.246494","fe80::c30c:0:0:4","fe80::c30c:0:0:1","ICMPv6","76","RPL Control (Destination Advertisement Object)"
"4110","61.249820","fe80::c30c:0:0:4","fe80::c30c:0:0:1","ICMPv6","76","RPL Control (Destination Advertisement Object)"
"4111","61.253146","fe80::c30c:0:0:4","fe80::c30c:0:0:1","ICMPv6","76","RPL Control (Destination Advertisement Object)"
"4112","61.256473","fe80::c30c:0:0:4","fe80::c30c:0:0:1","ICMPv6","76","RPL Control (Destination Advertisement Object)"
"4113","61.259800","fe80::c30c:0:0:4","fe80::c30c:0:0:1","ICMPv6","76","RPL Control (Destination Advertisement Object)"
"4114","61.262641","","","IEEE 802.15.4","5","Ack"
"4115","61.308045","fe80::c30c:0:0:6","ff02::1a","ICMPv6","97","RPL Control (DODAG Information Object)"
"4116","61.312382","fe80::c30c:0:0:6","ff02::1a","ICMPv6","97","RPL Control (DODAG Information Object)"
"4117","61.316708","fe80::c30c:0:0:6","ff02::1a","ICMPv6","97","RPL Control (DODAG Information Object)"
"4118","61.321048","fe80::c30c:0:0:6","ff02::1a","ICMPv6","97","RPL Control (DODAG Information Object)"
"4119","61.325382","fe80::c30c:0:0:6","ff02::1a","ICMPv6","97","RPL Control (DODAG Information Object)"
"4120","61.329714","fe80::c30c:0:0:6","ff02::1a","ICMPv6","97","RPL Control (DODAG Information Object)"
"4121","61.334048","fe80::c30c:0:0:6","ff02::1a","ICMPv6","97","RPL Control (DODAG Information Object)"
"4122","61.338373","fe80::c30c:0:0:6","ff02::1a","ICMPv6","97","RPL Control (DODAG Information Object)"
"4123","61.342715","fe80::c30c:0:0:6","ff02::1a","ICMPv6","97","RPL Control (DODAG Information Object)"
"4124","61.347050","fe80::c30c:0:0:6","ff02::1a","ICMPv6","97","RPL Control (DODAG Information Object)"
"4125","61.351382","fe80::c30c:0:0:6","ff02::1a","ICMPv6","97","RPL Control (DODAG Information Object)"
"4126","61.355706","fe80::c30c:0:0:6","ff02::1a","ICMPv6","97","RPL Control (DODAG Information Object)"
"4127","61.360050","fe80::c30c:0:0:6","ff02::1a","ICMPv6","97","RPL Control (DODAG Information Object)"
"4128","61.364384","fe80::c30c:0:0:6","ff02::1a","ICMPv6","97","RPL Control (DODAG Information Object)"
"4129","61.368716","fe80::c30c:0:0:6","ff02::1a","ICMPv6","97","RPL Control (DODAG Information Object)"
"4130","61.373051","fe80::c30c:0:0:6","ff02::1a","ICMPv6","97","RPL Control (DODAG Information Object)"
"4131","61.377383","fe80::c30c:0:0:6","ff02::1a","ICMPv6","97","RPL Control (DODAG Information Object)"
"4132","61.381718","fe80::c30c:0:0:6","ff02::1a","ICMPv6","97","RPL Control (DODAG Information Object)"
"4133","61.386050","fe80::c30c:0:0:6","ff02::1a","ICMPv6","97","RPL Control (DODAG Information Object)"
"4134","61.390374","fe80::c30c:0:0:6","ff02::1a","ICMPv6","97","RPL Control (DODAG Information Object)"
"4135","61.394708","fe80::c30c:0:0:6","ff02::1a","ICMPv6","97","RPL Control (DODAG Information Object)"
"4136","61.399041","fe80::c30c:0:0:6","ff02::1a","ICMPv6","97","RPL Control (DODAG Information Object)"
"4137","61.403385","fe80::c30c:0:0:6","ff02::1a","ICMPv6","97","RPL Control (DODAG Information Object)"
"4138","61.407719","fe80::c30c:0:0:6","ff02::1a","ICMPv6","97","RPL Control (DODAG Information Object)"
"4139","61.412052","fe80::c30c:0:0:6","ff02::1a","ICMPv6","97","RPL Control (DODAG Information Object)"
"4140","61.416384","fe80::c30c:0:0:6","ff02::1a","ICMPv6","97","RPL Control (DODAG Information Object)"
"4141","61.420719","fe80::c30c:0:0:6","ff02::1a","ICMPv6","97","RPL Control (DODAG Information Object)"
"4142","61.425051","fe80::c30c:0:0:6","ff02::1a","ICMPv6","97","RPL Control (DODAG Information Object)"
"4143","61.429375","fe80::c30c:0:0:6","ff02::1a","ICMPv6","97","RPL Control (DODAG Information Object)"
"4144","61.433730","fe80::c30c:0:0:6","ff02::1a","ICMPv6","97","RPL Control (DODAG Information Object)"
"4145","61.780160","fe80::c30c:0:0:a","fe80::c30c:0:0:8","ICMPv6","102","RPL Control (DODAG Information Object)"
"4146","61.784297","fe80::c30c:0:0:a","fe80::c30c:0:0:8","ICMPv6","102","RPL Control (DODAG Information Object)"
"4147","61.788446","fe80::c30c:0:0:a","fe80::c30c:0:0:8","ICMPv6","102","RPL Control (DODAG Information Object)"
"4148","61.792597","fe80::c30c:0:0:a","fe80::c30c:0:0:8","ICMPv6","102","RPL Control (DODAG Information Object)"
"4149","61.796747","fe80::c30c:0:0:a","fe80::c30c:0:0:8","ICMPv6","102","RPL Control (DODAG Information Object)"
"4150","61.800898","fe80::c30c:0:0:a","fe80::c30c:0:0:8","ICMPv6","102","RPL Control (DODAG Information Object)"
"4151","61.805049","fe80::c30c:0:0:a","fe80::c30c:0:0:8","ICMPv6","102","RPL Control (DODAG Information Object)"
"4152","61.809199","fe80::c30c:0:0:a","fe80::c30c:0:0:8","ICMPv6","102","RPL Control (DODAG Information Object)"
"4153","61.813349","fe80::c30c:0:0:a","fe80::c30c:0:0:8","ICMPv6","102","RPL Control (DODAG Information Object)"
"4154","61.817500","fe80::c30c:0:0:a","fe80::c30c:0:0:8","ICMPv6","102","RPL Control (DODAG Information Object)"
"4155","61.821651","fe80::c30c:0:0:a","fe80::c30c:0:0:8","ICMPv6","102","RPL Control (DODAG Information Object)"
"4156","61.825801","fe80::c30c:0:0:a","fe80::c30c:0:0:8","ICMPv6","102","RPL Control (DODAG Information Object)"
"4157","61.829473","","","IEEE 802.15.4","5","Ack"
"4158","61.891592","fe80::c30c:0:0:2","fe80::c30c:0:0:b","ICMPv6","76","RPL Control (Destination Advertisement Object)"
"4159","61.894906","fe80::c30c:0:0:2","fe80::c30c:0:0:b","ICMPv6","76","RPL Control (Destination Advertisement Object)"
"4160","61.898231","fe80::c30c:0:0:2","fe80::c30c:0:0:b","ICMPv6","76","RPL Control (Destination Advertisement Object)"
"4161","61.901528","fe80::c30c:0:0:2","fe80::c30c:0:0:b","ICMPv6","76","RPL Control (Destination Advertisement Object)"
"4162","61.904855","fe80::c30c:0:0:2","fe80::c30c:0:0:b","ICMPv6","76","RPL Control (Destination Advertisement Object)"
"4163","61.908180","fe80::c30c:0:0:2","fe80::c30c:0:0:b","ICMPv6","76","RPL Control (Destination Advertisement Object)"
"4164","61.911476","fe80::c30c:0:0:2","fe80::c30c:0:0:b","ICMPv6","76","RPL Control (Destination Advertisement Object)"
"4165","61.914772","fe80::c30c:0:0:2","fe80::c30c:0:0:b","ICMPv6","76","RPL Control (Destination Advertisement Object)"
"4166","61.918100","fe80::c30c:0:0:2","fe80::c30c:0:0:b","ICMPv6","76","RPL Control (Destination Advertisement Object)"
"4167","61.921425","fe80::c30c:0:0:2","fe80::c30c:0:0:b","ICMPv6","76","RPL Control (Destination Advertisement Object)"
"4168","61.924751","fe80::c30c:0:0:2","fe80::c30c:0:0:b","ICMPv6","76","RPL Control (Destination Advertisement Object)"
"4169","61.928077","fe80::c30c:0:0:2","fe80::c30c:0:0:b","ICMPv6","76","RPL Control (Destination Advertisement Object)"
"4170","61.931375","fe80::c30c:0:0:2","fe80::c30c:0:0:b","ICMPv6","76","RPL Control (Destination Advertisement Object)"
"4171","61.934700","fe80::c30c:0:0:2","fe80::c30c:0:0:b","ICMPv6","76","RPL Control (Destination Advertisement Object)"
"4172","61.938028","fe80::c30c:0:0:2","fe80::c30c:0:0:b","ICMPv6","76","RPL Control (Destination Advertisement Object)"
"4173","61.941354","fe80::c30c:0:0:2","fe80::c30c:0:0:b","ICMPv6","76","RPL Control (Destination Advertisement Object)"
"4174","61.944196","","","IEEE 802.15.4","5","Ack"
"4175","61.979477","fe80::c30c:0:0:b","fe80::c30c:0:0:1","ICMPv6","76","RPL Control (Destination Advertisement Object)"
"4176","61.982790","fe80::c30c:0:0:b","fe80::c30c:0:0:1","ICMPv6","76","RPL Control (Destination Advertisement Object)"
"4177","61.986118","fe80::c30c:0:0:b","fe80::c30c:0:0:1","ICMPv6","76","RPL Control (Destination Advertisement Object)"
"4178","61.989444","fe80::c30c:0:0:b","fe80::c30c:0:0:1","ICMPv6","76","RPL Control (Destination Advertisement Object)"
"4179","61.992771","fe80::c30c:0:0:b","fe80::c30c:0:0:1","ICMPv6","76","RPL Control (Destination Advertisement Object)"
"4180","61.996095","fe80::c30c:0:0:b","fe80::c30c:0:0:1","ICMPv6","76","RPL Control (Destination Advertisement Object)"
"4181","61.999423","fe80::c30c:0:0:b","fe80::c30c:0:0:1","ICMPv6","76","RPL Control (Destination Advertisement Object)"
"4182","62.002750","fe80::c30c:0:0:b","fe80::c30c:0:0:1","ICMPv6","76","RPL Control (Destination Advertisement Object)"
"4183","62.006075","fe80::c30c:0:0:b","fe80::c30c:0:0:1","ICMPv6","76","RPL Control (Destination Advertisement Object)"
"4184","62.009403","fe80::c30c:0:0:b","fe80::c30c:0:0:1","ICMPv6","76","RPL Control (Destination Advertisement Object)"
"4185","62.012244","","","IEEE 802.15.4","5","Ack"
"4186","62.937626","fe80::c30c:0:0:3","fe80::c30c:0:0:b","ICMPv6","76","RPL Control (Destination Advertisement Object)"
"4187","62.940939","fe80::c30c:0:0:3","fe80::c30c:0:0:b","ICMPv6","76","RPL Control (Destination Advertisement Object)"
"4188","62.943783","","","IEEE 802.15.4","5","Ack"
"4189","62.979225","fe80::c30c:0:0:b","fe80::c30c:0:0:1","ICMPv6","76","RPL Control (Destination Advertisement Object)"
"4190","62.982546","fe80::c30c:0:0:b","fe80::c30c:0:0:1","ICMPv6","76","RPL Control (Destination Advertisement Object)"
"4191","62.985872","fe80::c30c:0:0:b","fe80::c30c:0:0:1","ICMPv6","76","RPL Control (Destination Advertisement Object)"
"4192","62.989169","fe80::c30c:0:0:b","fe80::c30c:0:0:1","ICMPv6","76","RPL Control (Destination Advertisement Object)"
"4193","62.992496","fe80::c30c:0:0:b","fe80::c30c:0:0:1","ICMPv6","76","RPL Control (Destination Advertisement Object)"
"4194","62.995821","fe80::c30c:0:0:b","fe80::c30c:0:0:1","ICMPv6","76","RPL Control (Destination Advertisement Object)"
"4195","62.999149","fe80::c30c:0:0:b","fe80::c30c:0:0:1","ICMPv6","76","RPL Control (Destination Advertisement Object)"
"4196","63.002475","fe80::c30c:0:0:b","fe80::c30c:0:0:1","ICMPv6","76","RPL Control (Destination Advertisement Object)"
"4197","63.005801","fe80::c30c:0:0:b","fe80::c30c:0:0:1","ICMPv6","76","RPL Control (Destination Advertisement Object)"
"4198","63.009128","fe80::c30c:0:0:b","fe80::c30c:0:0:1","ICMPv6","76","RPL Control (Destination Advertisement Object)"
"4199","63.011968","","","IEEE 802.15.4","5","Ack"
"4200","63.245668","fe80::c30c:0:0:3","ff02::1a","ICMPv6","97","RPL Control (DODAG Information Object)"
"4201","63.250005","fe80::c30c:0:0:3","ff02::1a","ICMPv6","97","RPL Control (DODAG Information Object)"
"4202","63.254336","fe80::c30c:0:0:3","ff02::1a","ICMPv6","97","RPL Control (DODAG Information Object)"
"4203","63.258673","fe80::c30c:0:0:3","ff02::1a","ICMPv6","97","RPL Control (DODAG Information Object)"
"4204","63.263007","fe80::c30c:0:0:3","ff02::1a","ICMPv6","97","RPL Control (DODAG Information Object)"
"4205","63.267340","fe80::c30c:0:0:3","ff02::1a","ICMPv6","97","RPL Control (DODAG Information Object)"
"4206","63.271674","fe80::c30c:0:0:3","ff02::1a","ICMPv6","97","RPL Control (DODAG Information Object)"
"4207","63.276007","fe80::c30c:0:0:3","ff02::1a","ICMPv6","97","RPL Control (DODAG Information Object)"
"4208","63.280341","fe80::c30c:0:0:3","ff02::1a","ICMPv6","97","RPL Control (DODAG Information Object)"
"4209","63.284673","fe80::c30c:0:0:3","ff02::1a","ICMPv6","97","RPL Control (DODAG Information Object)"
"4210","63.289006","fe80::c30c:0:0:3","ff02::1a","ICMPv6","97","RPL Control (DODAG Information Object)"
"4211","63.293346","fe80::c30c:0:0:3","ff02::1a","ICMPv6","97","RPL Control (DODAG Information Object)"
"4212","63.297674","fe80::c30c:0:0:3","ff02::1a","ICMPv6","97","RPL Control (DODAG Information Object)"
"4213","63.302008","fe80::c30c:0:0:3","ff02::1a","ICMPv6","97","RPL Control (DODAG Information Object)"
"4214","63.306341","fe80::c30c:0:0:3","ff02::1a","ICMPv6","97","RPL Control (DODAG Information Object)"
"4215","63.310674","fe80::c30c:0:0:3","ff02::1a","ICMPv6","97","RPL Control (DODAG Information Object)"
"4216","63.315009","fe80::c30c:0:0:3","ff02::1a","ICMPv6","97","RPL Control (DODAG Information Object)"
"4217","63.319331","fe80::c30c:0:0:3","ff02::1a","ICMPv6","97","RPL Control (DODAG Information Object)"
"4218","63.323675","fe80::c30c:0:0:3","ff02::1a","ICMPv6","97","RPL Control (DODAG Information Object)"
"4219","63.328008","fe80::c30c:0:0:3","ff02::1a","ICMPv6","97","RPL Control (DODAG Information Object)"
"4220","63.332343","fe80::c30c:0:0:3","ff02::1a","ICMPv6","97","RPL Control (DODAG Information Object)"
"4221","63.336675","fe80::c30c:0:0:3","ff02::1a","ICMPv6","97","RPL Control (DODAG Information Object)"
"4222","63.341040","fe80::c30c:0:0:3","ff02::1a","ICMPv6","97","RPL Control (DODAG Information Object)"
"4223","63.345374","fe80::c30c:0:0:3","ff02::1a","ICMPv6","97","RPL Control (DODAG Information Object)"
"4224","63.349706","fe80::c30c:0:0:3","ff02::1a","ICMPv6","97","RPL Control (DODAG Information Object)"
"4225","63.354041","fe80::c30c:0:0:3","ff02::1a","ICMPv6","97","RPL Control (DODAG Information Object)"
"4226","63.358373","fe80::c30c:0:0:3","ff02::1a","ICMPv6","97","RPL Control (DODAG Information Object)"
"4227","63.362706","fe80::c30c:0:0:3","ff02::1a","ICMPv6","97","RPL Control (DODAG Information Object)"
"4228","63.367041","fe80::c30c:0:0:3","ff02::1a","ICMPv6","97","RPL Control (DODAG Information Object)"
"4229","63.371373","fe80::c30c:0:0:3","ff02::1a","ICMPv6","97","RPL Control (DODAG Information Object)"
"4230","63.590440","fe80::c30c:0:0:a","ff02::1a","ICMPv6","97","RPL Control (DODAG Information Object)"
"4231","63.594767","fe80::c30c:0:0:a","ff02::1a","ICMPv6","97","RPL Control (DODAG Information Object)"
"4232","63.599095","fe80::c30c:0:0:a","ff02::1a","ICMPv6","97","RPL Control (DODAG Information Object)"
"4233","63.603435","fe80::c30c:0:0:a","ff02::1a","ICMPv6","97","RPL Control (DODAG Information Object)"
"4234","63.607759","fe80::c30c:0:0:a","ff02::1a","ICMPv6","97","RPL Control (DODAG Information Object)"
"4235","63.612091","fe80::c30c:0:0:a","ff02::1a","ICMPv6","97","RPL Control (DODAG Information Object)"
"4236","63.616394","fe80::c30c:0:0:a","ff02::1a","ICMPv6","97","RPL Control (DODAG Information Object)"
"4237","63.620739","fe80::c30c:0:0:a","ff02::1a","ICMPv6","97","RPL Control (DODAG Information Object)"
"4238","63.625061","fe80::c30c:0:0:a","ff02::1a","ICMPv6","97","RPL Control (DODAG Information Object)"
"4239","63.629405","fe80::c30c:0:0:a","ff02::1a","ICMPv6","97","RPL Control (DODAG Information Object)"
"4240","63.633739","fe80::c30c:0:0:a","ff02::1a","ICMPv6","97","RPL Control (DODAG Information Object)"
"4241","63.638063","fe80::c30c:0:0:a","ff02::1a","ICMPv6","97","RPL Control (DODAG Information Object)"
"4242","63.642405","fe80::c30c:0:0:a","ff02::1a","ICMPv6","97","RPL Control (DODAG Information Object)"
"4243","63.646739","fe80::c30c:0:0:a","ff02::1a","ICMPv6","97","RPL Control (DODAG Information Object)"
"4244","63.651073","fe80::c30c:0:0:a","ff02::1a","ICMPv6","97","RPL Control (DODAG Information Object)"
"4245","63.655397","fe80::c30c:0:0:a","ff02::1a","ICMPv6","97","RPL Control (DODAG Information Object)"
"4246","63.659740","fe80::c30c:0:0:a","ff02::1a","ICMPv6","97","RPL Control (DODAG Information Object)"
"4247","63.664073","fe80::c30c:0:0:a","ff02::1a","ICMPv6","97","RPL Control (DODAG Information Object)"
"4248","63.668407","fe80::c30c:0:0:a","ff02::1a","ICMPv6","97","RPL Control (DODAG Information Object)"
"4249","63.672740","fe80::c30c:0:0:a","ff02::1a","ICMPv6","97","RPL Control (DODAG Information Object)"
"4250","63.677064","fe80::c30c:0:0:a","ff02::1a","ICMPv6","97","RPL Control (DODAG Information Object)"
"4251","63.681458","fe80::c30c:0:0:a","ff02::1a","ICMPv6","97","RPL Control (DODAG Information Object)"
"4252","63.685791","fe80::c30c:0:0:a","ff02::1a","ICMPv6","97","RPL Control (DODAG Information Object)"
"4253","63.690135","fe80::c30c:0:0:a","ff02::1a","ICMPv6","97","RPL Control (DODAG Information Object)"
"4254","63.694469","fe80::c30c:0:0:a","ff02::1a","ICMPv6","97","RPL Control (DODAG Information Object)"
"4255","63.698792","fe80::c30c:0:0:a","ff02::1a","ICMPv6","97","RPL Control (DODAG Information Object)"
"4256","63.703136","fe80::c30c:0:0:a","ff02::1a","ICMPv6","97","RPL Control (DODAG Information Object)"
"4257","63.707469","fe80::c30c:0:0:a","ff02::1a","ICMPv6","97","RPL Control (DODAG Information Object)"
"4258","63.711803","fe80::c30c:0:0:a","ff02::1a","ICMPv6","97","RPL Control (DODAG Information Object)"
"4259","63.716126","fe80::c30c:0:0:a","ff02::1a","ICMPv6","97","RPL Control (DODAG Information Object)"
"4260","65.721428","fe80::c30c:0:0:7","fe80::c30c:0:0:3","ICMPv6","76","RPL Control (Destination Advertisement Object)"
"4261","65.724741","fe80::c30c:0:0:7","fe80::c30c:0:0:3","ICMPv6","76","RPL Control (Destination Advertisement Object)"
"4262","65.728067","fe80::c30c:0:0:7","fe80::c30c:0:0:3","ICMPv6","76","RPL Control (Destination Advertisement Object)"
"4263","65.731392","fe80::c30c:0:0:7","fe80::c30c:0:0:3","ICMPv6","76","RPL Control (Destination Advertisement Object)"
"4264","65.734690","fe80::c30c:0:0:7","fe80::c30c:0:0:3","ICMPv6","76","RPL Control (Destination Advertisement Object)"
"4265","65.738016","fe80::c30c:0:0:7","fe80::c30c:0:0:3","ICMPv6","76","RPL Control (Destination Advertisement Object)"
"4266","65.741341","fe80::c30c:0:0:7","fe80::c30c:0:0:3","ICMPv6","76","RPL Control (Destination Advertisement Object)"
"4267","65.744668","fe80::c30c:0:0:7","fe80::c30c:0:0:3","ICMPv6","76","RPL Control (Destination Advertisement Object)"
"4268","65.747995","fe80::c30c:0:0:7","fe80::c30c:0:0:3","ICMPv6","76","RPL Control (Destination Advertisement Object)"
"4269","65.751320","fe80::c30c:0:0:7","fe80::c30c:0:0:3","ICMPv6","76","RPL Control (Destination Advertisement Object)"
"4270","65.754616","fe80::c30c:0:0:7","fe80::c30c:0:0:3","ICMPv6","76","RPL Control (Destination Advertisement Object)"
"4271","65.757943","fe80::c30c:0:0:7","fe80::c30c:0:0:3","ICMPv6","76","RPL Control (Destination Advertisement Object)"
"4272","65.761271","fe80::c30c:0:0:7","fe80::c30c:0:0:3","ICMPv6","76","RPL Control (Destination Advertisement Object)"
"4273","65.764597","fe80::c30c:0:0:7","fe80::c30c:0:0:3","ICMPv6","76","RPL Control (Destination Advertisement Object)"
"4274","65.767922","fe80::c30c:0:0:7","fe80::c30c:0:0:3","ICMPv6","76","RPL Control (Destination Advertisement Object)"
"4275","65.771219","fe80::c30c:0:0:7","fe80::c30c:0:0:3","ICMPv6","76","RPL Control (Destination Advertisement Object)"
"4276","65.774545","fe80::c30c:0:0:7","fe80::c30c:0:0:3","ICMPv6","76","RPL Control (Destination Advertisement Object)"
"4277","65.777388","","","IEEE 802.15.4","5","Ack"
"4278","65.812076","fe80::c30c:0:0:3","fe80::c30c:0:0:b","ICMPv6","76","RPL Control (Destination Advertisement Object)"
"4279","65.815389","fe80::c30c:0:0:3","fe80::c30c:0:0:b","ICMPv6","76","RPL Control (Destination Advertisement Object)"
"4280","65.818715","fe80::c30c:0:0:3","fe80::c30c:0:0:b","ICMPv6","76","RPL Control (Destination Advertisement Object)"
"4281","65.821556","","","IEEE 802.15.4","5","Ack"
"4282","65.856523","fe80::c30c:0:0:b","fe80::c30c:0:0:1","ICMPv6","76","RPL Control (Destination Advertisement Object)"
"4283","65.859835","fe80::c30c:0:0:b","fe80::c30c:0:0:1","ICMPv6","76","RPL Control (Destination Advertisement Object)"
"4284","65.863163","fe80::c30c:0:0:b","fe80::c30c:0:0:1","ICMPv6","76","RPL Control (Destination Advertisement Object)"
"4285","65.866489","fe80::c30c:0:0:b","fe80::c30c:0:0:1","ICMPv6","76","RPL Control (Destination Advertisement Object)"
"4286","65.869815","fe80::c30c:0:0:b","fe80::c30c:0:0:1","ICMPv6","76","RPL Control (Destination Advertisement Object)"
"4287","65.873140","fe80::c30c:0:0:b","fe80::c30c:0:0:1","ICMPv6","76","RPL Control (Destination Advertisement Object)"
"4288","65.876467","fe80::c30c:0:0:b","fe80::c30c:0:0:1","ICMPv6","76","RPL Control (Destination Advertisement Object)"
"4289","65.879795","fe80::c30c:0:0:b","fe80::c30c:0:0:1","ICMPv6","76","RPL Control (Destination Advertisement Object)"
"4290","65.883121","fe80::c30c:0:0:b","fe80::c30c:0:0:1","ICMPv6","76","RPL Control (Destination Advertisement Object)"
"4291","65.885964","","","IEEE 802.15.4","5","Ack"
"4292","67.077247","fe80::c30c:0:0:5","ff02::1a","ICMPv6","97","RPL Control (DODAG Information Object)"
"4293","67.081575","fe80::c30c:0:0:5","ff02::1a","ICMPv6","97","RPL Control (DODAG Information Object)"
"4294","67.085914","fe80::c30c:0:0:5","ff02::1a","ICMPv6","97","RPL Control (DODAG Information Object)"
"4295","67.090331","fe80::c30c:0:0:5","ff02::1a","ICMPv6","97","RPL Control (DODAG Information Object)"
"4296","67.094647","fe80::c30c:0:0:5","ff02::1a","ICMPv6","97","RPL Control (DODAG Information Object)"
"4297","67.098980","fe80::c30c:0:0:5","ff02::1a","ICMPv6","97","RPL Control (DODAG Information Object)"
"4298","67.103303","fe80::c30c:0:0:5","ff02::1a","ICMPv6","97","RPL Control (DODAG Information Object)"
"4299","67.107646","fe80::c30c:0:0:5","ff02::1a","ICMPv6","97","RPL Control (DODAG Information Object)"
"4300","67.111981","fe80::c30c:0:0:5","ff02::1a","ICMPv6","97","RPL Control (DODAG Information Object)"
"4301","67.116303","fe80::c30c:0:0:5","ff02::1a","ICMPv6","97","RPL Control (DODAG Information Object)"
"4302","67.120616","fe80::c30c:0:0:5","ff02::1a","ICMPv6","97","RPL Control (DODAG Information Object)"
"4303","67.124946","fe80::c30c:0:0:5","ff02::1a","ICMPv6","97","RPL Control (DODAG Information Object)"
"4304","67.129284","fe80::c30c:0:0:5","ff02::1a","ICMPv6","97","RPL Control (DODAG Information Object)"
"4305","67.133617","fe80::c30c:0:0:5","ff02::1a","ICMPv6","97","RPL Control (DODAG Information Object)"
"4306","67.137950","fe80::c30c:0:0:5","ff02::1a","ICMPv6","97","RPL Control (DODAG Information Object)"
"4307","67.142283","fe80::c30c:0:0:5","ff02::1a","ICMPv6","97","RPL Control (DODAG Information Object)"
"4308","67.146609","fe80::c30c:0:0:5","ff02::1a","ICMPv6","97","RPL Control (DODAG Information Object)"
"4309","67.150940","fe80::c30c:0:0:5","ff02::1a","ICMPv6","97","RPL Control (DODAG Information Object)"
"4310","67.155285","fe80::c30c:0:0:5","ff02::1a","ICMPv6","97","RPL Control (DODAG Information Object)"
"4311","67.159619","fe80::c30c:0:0:5","ff02::1a","ICMPv6","97","RPL Control (DODAG Information Object)"
"4312","67.163949","fe80::c30c:0:0:5","ff02::1a","ICMPv6","97","RPL Control (DODAG Information Object)"
"4313","67.168286","fe80::c30c:0:0:5","ff02::1a","ICMPv6","97","RPL Control (DODAG Information Object)"
"4314","67.170655","fe80::c30c:0:0:7","ff02::1a","ICMPv6","97","RPL Control (DODAG Information Object)"
"4315","67.172619","fe80::c30c:0:0:5","ff02::1a","ICMPv6","97","RPL Control (DODAG Information Object)"
"4316","67.174982","fe80::c30c:0:0:7","ff02::1a","ICMPv6","97","RPL Control (DODAG Information Object)"
"4317","67.176951","fe80::c30c:0:0:5","ff02::1a","ICMPv6","97","RPL Control (DODAG Information Object)"
"4318","67.179345","fe80::c30c:0:0:7","ff02::1a","ICMPv6","97","RPL Control (DODAG Information Object)"
"4319","67.181286","fe80::c30c:0:0:5","ff02::1a","ICMPv6","97","RPL Control (DODAG Information Object)"
"4320","67.183670","fe80::c30c:0:0:7","ff02::1a","ICMPv6","97","RPL Control (DODAG Information Object)"
"4321","67.185618","fe80::c30c:0:0:5","ff02::1a","ICMPv6","97","RPL Control (DODAG Information Object)"
"4322","67.188014","fe80::c30c:0:0:7","ff02::1a","ICMPv6","97","RPL Control (DODAG Information Object)"
"4323","67.189953","fe80::c30c:0:0:5","ff02::1a","ICMPv6","97","RPL Control (DODAG Information Object)"
"4324","67.192346","fe80::c30c:0:0:7","ff02::1a","ICMPv6","97","RPL Control (DODAG Information Object)"
"4325","67.194285","fe80::c30c:0:0:5","ff02::1a","ICMPv6","97","RPL Control (DODAG Information Object)"
"4326","67.196680","fe80::c30c:0:0:7","ff02::1a","ICMPv6","97","RPL Control (DODAG Information Object)"
"4327","67.198609","fe80::c30c:0:0:5","ff02::1a","ICMPv6","97","RPL Control (DODAG Information Object)"
"4328","67.201004","fe80::c30c:0:0:7","ff02::1a","ICMPv6","97","RPL Control (DODAG Information Object)"
"4329","67.202943","fe80::c30c:0:0:5","ff02::1a","ICMPv6","97","RPL Control (DODAG Information Object)"
"4330","67.205347","fe80::c30c:0:0:7","ff02::1a","ICMPv6","97","RPL Control (DODAG Information Object)"
"4331","67.209680","fe80::c30c:0:0:7","ff02::1a","ICMPv6","97","RPL Control (DODAG Information Object)"
"4332","67.214014","fe80::c30c:0:0:7","ff02::1a","ICMPv6","97","RPL Control (DODAG Information Object)"
"4333","67.218367","fe80::c30c:0:0:7","ff02::1a","ICMPv6","97","RPL Control (DODAG Information Object)"
"4334","67.222712","fe80::c30c:0:0:7","ff02::1a","ICMPv6","97","RPL Control (DODAG Information Object)"
"4335","67.227034","fe80::c30c:0:0:7","ff02::1a","ICMPv6","97","RPL Control (DODAG Information Object)"
"4336","67.231378","fe80::c30c:0:0:7","ff02::1a","ICMPv6","97","RPL Control (DODAG Information Object)"
"4337","67.235713","fe80::c30c:0:0:7","ff02::1a","ICMPv6","97","RPL Control (DODAG Information Object)"
"4338","67.240045","fe80::c30c:0:0:7","ff02::1a","ICMPv6","97","RPL Control (DODAG Information Object)"
"4339","67.244380","fe80::c30c:0:0:7","ff02::1a","ICMPv6","97","RPL Control (DODAG Information Object)"
"4340","67.248712","fe80::c30c:0:0:7","ff02::1a","ICMPv6","97","RPL Control (DODAG Information Object)"
"4341","67.253045","fe80::c30c:0:0:7","ff02::1a","ICMPv6","97","RPL Control (DODAG Information Object)"
"4342","67.257379","fe80::c30c:0:0:7","ff02::1a","ICMPv6","97","RPL Control (DODAG Information Object)"
"4343","67.261714","fe80::c30c:0:0:7","ff02::1a","ICMPv6","97","RPL Control (DODAG Information Object)"
"4344","67.266047","fe80::c30c:0:0:7","ff02::1a","ICMPv6","97","RPL Control (DODAG Information Object)"
"4345","67.270380","fe80::c30c:0:0:7","ff02::1a","ICMPv6","97","RPL Control (DODAG Information Object)"
"4346","67.274704","fe80::c30c:0:0:7","ff02::1a","ICMPv6","97","RPL Control (DODAG Information Object)"
"4347","67.279048","fe80::c30c:0:0:7","ff02::1a","ICMPv6","97","RPL Control (DODAG Information Object)"
"4348","67.283380","fe80::c30c:0:0:7","ff02::1a","ICMPv6","97","RPL Control (DODAG Information Object)"
"4349","67.287713","fe80::c30c:0:0:7","ff02::1a","ICMPv6","97","RPL Control (DODAG Information Object)"
"4350","67.292048","fe80::c30c:0:0:7","ff02::1a","ICMPv6","97","RPL Control (DODAG Information Object)"
"4351","67.296381","fe80::c30c:0:0:7","ff02::1a","ICMPv6","97","RPL Control (DODAG Information Object)"
"4352","71.586152","fe80::c30c:0:0:6","fe80::c30c:0:0:7","ICMPv6","76","RPL Control (Destination Advertisement Object)"
"4353","71.589465","fe80::c30c:0:0:6","fe80::c30c:0:0:7","ICMPv6","76","RPL Control (Destination Advertisement Object)"
"4354","71.592792","fe80::c30c:0:0:6","fe80::c30c:0:0:7","ICMPv6","76","RPL Control (Destination Advertisement Object)"
"4355","71.596118","fe80::c30c:0:0:6","fe80::c30c:0:0:7","ICMPv6","76","RPL Control (Destination Advertisement Object)"
"4356","71.599445","fe80::c30c:0:0:6","fe80::c30c:0:0:7","ICMPv6","76","RPL Control (Destination Advertisement Object)"
"4357","71.602770","fe80::c30c:0:0:6","fe80::c30c:0:0:7","ICMPv6","76","RPL Control (Destination Advertisement Object)"
"4358","71.606096","fe80::c30c:0:0:6","fe80::c30c:0:0:7","ICMPv6","76","RPL Control (Destination Advertisement Object)"
"4359","71.609392","fe80::c30c:0:0:6","fe80::c30c:0:0:7","ICMPv6","76","RPL Control (Destination Advertisement Object)"
"4360","71.612720","fe80::c30c:0:0:6","fe80::c30c:0:0:7","ICMPv6","76","RPL Control (Destination Advertisement Object)"
"4361","71.616047","fe80::c30c:0:0:6","fe80::c30c:0:0:7","ICMPv6","76","RPL Control (Destination Advertisement Object)"
"4362","71.619373","fe80::c30c:0:0:6","fe80::c30c:0:0:7","ICMPv6","76","RPL Control (Destination Advertisement Object)"
"4363","71.622699","fe80::c30c:0:0:6","fe80::c30c:0:0:7","ICMPv6","76","RPL Control (Destination Advertisement Object)"
"4364","71.626075","fe80::c30c:0:0:6","fe80::c30c:0:0:7","ICMPv6","76","RPL Control (Destination Advertisement Object)"
"4365","71.629381","fe80::c30c:0:0:6","fe80::c30c:0:0:7","ICMPv6","76","RPL Control (Destination Advertisement Object)"
"4366","71.632709","fe80::c30c:0:0:6","fe80::c30c:0:0:7","ICMPv6","76","RPL Control (Destination Advertisement Object)"
"4367","71.636035","fe80::c30c:0:0:6","fe80::c30c:0:0:7","ICMPv6","76","RPL Control (Destination Advertisement Object)"
"4368","71.639361","fe80::c30c:0:0:6","fe80::c30c:0:0:7","ICMPv6","76","RPL Control (Destination Advertisement Object)"
"4369","71.642688","fe80::c30c:0:0:6","fe80::c30c:0:0:7","ICMPv6","76","RPL Control (Destination Advertisement Object)"
"4370","71.646015","fe80::c30c:0:0:6","fe80::c30c:0:0:7","ICMPv6","76","RPL Control (Destination Advertisement Object)"
"4371","71.649339","fe80::c30c:0:0:6","fe80::c30c:0:0:7","ICMPv6","76","RPL Control (Destination Advertisement Object)"
"4372","71.652636","fe80::c30c:0:0:6","fe80::c30c:0:0:7","ICMPv6","76","RPL Control (Destination Advertisement Object)"
"4373","71.655477","","","IEEE 802.15.4","5","Ack"
"4374","71.690230","fe80::c30c:0:0:7","fe80::c30c:0:0:3","ICMPv6","76","RPL Control (Destination Advertisement Object)"
"4375","71.693551","fe80::c30c:0:0:7","fe80::c30c:0:0:3","ICMPv6","76","RPL Control (Destination Advertisement Object)"
"4376","71.696878","fe80::c30c:0:0:7","fe80::c30c:0:0:3","ICMPv6","76","RPL Control (Destination Advertisement Object)"
"4377","71.700205","fe80::c30c:0:0:7","fe80::c30c:0:0:3","ICMPv6","76","RPL Control (Destination Advertisement Object)"
"4378","71.703531","fe80::c30c:0:0:7","fe80::c30c:0:0:3","ICMPv6","76","RPL Control (Destination Advertisement Object)"
"4379","71.706858","fe80::c30c:0:0:7","fe80::c30c:0:0:3","ICMPv6","76","RPL Control (Destination Advertisement Object)"
"4380","71.710183","fe80::c30c:0:0:7","fe80::c30c:0:0:3","ICMPv6","76","RPL Control (Destination Advertisement Object)"
"4381","71.713509","fe80::c30c:0:0:7","fe80::c30c:0:0:3","ICMPv6","76","RPL Control (Destination Advertisement Object)"
"4382","71.716835","fe80::c30c:0:0:7","fe80::c30c:0:0:3","ICMPv6","76","RPL Control (Destination Advertisement Object)"
"4383","71.720131","fe80::c30c:0:0:7","fe80::c30c:0:0:3","ICMPv6","76","RPL Control (Destination Advertisement Object)"
"4384","71.723458","fe80::c30c:0:0:7","fe80::c30c:0:0:3","ICMPv6","76","RPL Control (Destination Advertisement Object)"
"4385","71.726784","fe80::c30c:0:0:7","fe80::c30c:0:0:3","ICMPv6","76","RPL Control (Destination Advertisement Object)"
"4386","71.730081","fe80::c30c:0:0:7","fe80::c30c:0:0:3","ICMPv6","76","RPL Control (Destination Advertisement Object)"
"4387","71.733407","fe80::c30c:0:0:7","fe80::c30c:0:0:3","ICMPv6","76","RPL Control (Destination Advertisement Object)"
"4388","71.736733","fe80::c30c:0:0:7","fe80::c30c:0:0:3","ICMPv6","76","RPL Control (Destination Advertisement Object)"
"4389","71.740061","fe80::c30c:0:0:7","fe80::c30c:0:0:3","ICMPv6","76","RPL Control (Destination Advertisement Object)"
"4390","71.743386","fe80::c30c:0:0:7","fe80::c30c:0:0:3","ICMPv6","76","RPL Control (Destination Advertisement Object)"
"4391","71.746683","fe80::c30c:0:0:7","fe80::c30c:0:0:3","ICMPv6","76","RPL Control (Destination Advertisement Object)"
"4392","71.750008","fe80::c30c:0:0:7","fe80::c30c:0:0:3","ICMPv6","76","RPL Control (Destination Advertisement Object)"
"4393","71.753304","fe80::c30c:0:0:7","fe80::c30c:0:0:3","ICMPv6","76","RPL Control (Destination Advertisement Object)"
"4394","71.756632","fe80::c30c:0:0:7","fe80::c30c:0:0:3","ICMPv6","76","RPL Control (Destination Advertisement Object)"
"4395","71.759957","fe80::c30c:0:0:7","fe80::c30c:0:0:3","ICMPv6","76","RPL Control (Destination Advertisement Object)"
"4396","71.763285","fe80::c30c:0:0:7","fe80::c30c:0:0:3","ICMPv6","76","RPL Control (Destination Advertisement Object)"
"4397","71.766611","fe80::c30c:0:0:7","fe80::c30c:0:0:3","ICMPv6","76","RPL Control (Destination Advertisement Object)"
"4398","71.769936","fe80::c30c:0:0:7","fe80::c30c:0:0:3","ICMPv6","76","RPL Control (Destination Advertisement Object)"
"4399","71.773233","fe80::c30c:0:0:7","fe80::c30c:0:0:3","ICMPv6","76","RPL Control (Destination Advertisement Object)"
"4400","71.776638","fe80::c30c:0:0:7","fe80::c30c:0:0:3","ICMPv6","76","RPL Control (Destination Advertisement Object)"
"4401","71.779479","","","IEEE 802.15.4","5","Ack"
"4402","71.813937","fe80::c30c:0:0:3","fe80::c30c:0:0:b","ICMPv6","76","RPL Control (Destination Advertisement Object)"
"4403","71.817251","fe80::c30c:0:0:3","fe80::c30c:0:0:b","ICMPv6","76","RPL Control (Destination Advertisement Object)"
"4404","71.820092","","","IEEE 802.15.4","5","Ack"
"4405","71.854996","fe80::c30c:0:0:b","fe80::c30c:0:0:1","ICMPv6","76","RPL Control (Destination Advertisement Object)"
"4406","71.858340","fe80::c30c:0:0:b","fe80::c30c:0:0:1","ICMPv6","76","RPL Control (Destination Advertisement Object)"
"4407","71.861665","fe80::c30c:0:0:b","fe80::c30c:0:0:1","ICMPv6","76","RPL Control (Destination Advertisement Object)"
"4408","71.864963","fe80::c30c:0:0:b","fe80::c30c:0:0:1","ICMPv6","76","RPL Control (Destination Advertisement Object)"
"4409","71.868288","fe80::c30c:0:0:b","fe80::c30c:0:0:1","ICMPv6","76","RPL Control (Destination Advertisement Object)"
"4410","71.871585","fe80::c30c:0:0:b","fe80::c30c:0:0:1","ICMPv6","76","RPL Control (Destination Advertisement Object)"
"4411","71.874910","fe80::c30c:0:0:b","fe80::c30c:0:0:1","ICMPv6","76","RPL Control (Destination Advertisement Object)"
"4412","71.878238","fe80::c30c:0:0:b","fe80::c30c:0:0:1","ICMPv6","76","RPL Control (Destination Advertisement Object)"
"4413","71.881563","fe80::c30c:0:0:b","fe80::c30c:0:0:1","ICMPv6","76","RPL Control (Destination Advertisement Object)"
"4414","71.884404","","","IEEE 802.15.4","5","Ack"
"4415","72.434262","fe80::c30c:0:0:9","fe80::c30c:0:0:7","ICMPv6","76","RPL Control (Destination Advertisement Object)"
"4416","72.437575","fe80::c30c:0:0:9","fe80::c30c:0:0:7","ICMPv6","76","RPL Control (Destination Advertisement Object)"
"4417","72.440901","fe80::c30c:0:0:9","fe80::c30c:0:0:7","ICMPv6","76","RPL Control (Destination Advertisement Object)"
"4418","72.444229","fe80::c30c:0:0:9","fe80::c30c:0:0:7","ICMPv6","76","RPL Control (Destination Advertisement Object)"
"4419","72.447555","fe80::c30c:0:0:9","fe80::c30c:0:0:7","ICMPv6","76","RPL Control (Destination Advertisement Object)"
"4420","72.450880","fe80::c30c:0:0:9","fe80::c30c:0:0:7","ICMPv6","76","RPL Control (Destination Advertisement Object)"
"4421","72.454177","fe80::c30c:0:0:9","fe80::c30c:0:0:7","ICMPv6","76","RPL Control (Destination Advertisement Object)"
"4422","72.457503","fe80::c30c:0:0:9","fe80::c30c:0:0:7","ICMPv6","76","RPL Control (Destination Advertisement Object)"
"4423","72.460830","fe80::c30c:0:0:9","fe80::c30c:0:0:7","ICMPv6","76","RPL Control (Destination Advertisement Object)"
"4424","72.464156","fe80::c30c:0:0:9","fe80::c30c:0:0:7","ICMPv6","76","RPL Control (Destination Advertisement Object)"
"4425","72.467483","fe80::c30c:0:0:9","fe80::c30c:0:0:7","ICMPv6","76","RPL Control (Destination Advertisement Object)"
"4426","72.470810","fe80::c30c:0:0:9","fe80::c30c:0:0:7","ICMPv6","76","RPL Control (Destination Advertisement Object)"
"4427","72.474136","fe80::c30c:0:0:9","fe80::c30c:0:0:7","ICMPv6","76","RPL Control (Destination Advertisement Object)"
"4428","72.477505","fe80::c30c:0:0:9","fe80::c30c:0:0:7","ICMPv6","76","RPL Control (Destination Advertisement Object)"
"4429","72.480819","fe80::c30c:0:0:9","fe80::c30c:0:0:7","ICMPv6","76","RPL Control (Destination Advertisement Object)"
"4430","72.484146","fe80::c30c:0:0:9","fe80::c30c:0:0:7","ICMPv6","76","RPL Control (Destination Advertisement Object)"
"4431","72.487472","fe80::c30c:0:0:9","fe80::c30c:0:0:7","ICMPv6","76","RPL Control (Destination Advertisement Object)"
"4432","72.490797","fe80::c30c:0:0:9","fe80::c30c:0:0:7","ICMPv6","76","RPL Control (Destination Advertisement Object)"
"4433","72.494094","fe80::c30c:0:0:9","fe80::c30c:0:0:7","ICMPv6","76","RPL Control (Destination Advertisement Object)"
"4434","72.497421","fe80::c30c:0:0:9","fe80::c30c:0:0:7","ICMPv6","76","RPL Control (Destination Advertisement Object)"
"4435","72.500746","fe80::c30c:0:0:9","fe80::c30c:0:0:7","ICMPv6","76","RPL Control (Destination Advertisement Object)"
"4436","72.504074","fe80::c30c:0:0:9","fe80::c30c:0:0:7","ICMPv6","76","RPL Control (Destination Advertisement Object)"
"4437","72.507400","fe80::c30c:0:0:9","fe80::c30c:0:0:7","ICMPv6","76","RPL Control (Destination Advertisement Object)"
"4438","72.510727","fe80::c30c:0:0:9","fe80::c30c:0:0:7","ICMPv6","76","RPL Control (Destination Advertisement Object)"
"4439","72.514053","fe80::c30c:0:0:9","fe80::c30c:0:0:7","ICMPv6","76","RPL Control (Destination Advertisement Object)"
"4440","72.517379","fe80::c30c:0:0:9","fe80::c30c:0:0:7","ICMPv6","76","RPL Control (Destination Advertisement Object)"
"4441","72.520704","fe80::c30c:0:0:9","fe80::c30c:0:0:7","ICMPv6","76","RPL Control (Destination Advertisement Object)"
"4442","72.524032","fe80::c30c:0:0:9","fe80::c30c:0:0:7","ICMPv6","76","RPL Control (Destination Advertisement Object)"
"4443","72.527359","fe80::c30c:0:0:9","fe80::c30c:0:0:7","ICMPv6","76","RPL Control (Destination Advertisement Object)"
"4444","72.530200","","","IEEE 802.15.4","5","Ack"
"4445","72.563987","fe80::c30c:0:0:7","fe80::c30c:0:0:3","ICMPv6","76","RPL Control (Destination Advertisement Object)"
"4446","72.567300","fe80::c30c:0:0:7","fe80::c30c:0:0:3","ICMPv6","76","RPL Control (Destination Advertisement Object)"
"4447","72.570596","fe80::c30c:0:0:7","fe80::c30c:0:0:3","ICMPv6","76","RPL Control (Destination Advertisement Object)"
"4448","72.573923","fe80::c30c:0:0:7","fe80::c30c:0:0:3","ICMPv6","76","RPL Control (Destination Advertisement Object)"
"4449","72.577248","fe80::c30c:0:0:7","fe80::c30c:0:0:3","ICMPv6","76","RPL Control (Destination Advertisement Object)"
"4450","72.580575","fe80::c30c:0:0:7","fe80::c30c:0:0:3","ICMPv6","76","RPL Control (Destination Advertisement Object)"
"4451","72.583902","fe80::c30c:0:0:7","fe80::c30c:0:0:3","ICMPv6","76","RPL Control (Destination Advertisement Object)"
"4452","72.587227","fe80::c30c:0:0:7","fe80::c30c:0:0:3","ICMPv6","76","RPL Control (Destination Advertisement Object)"
"4453","72.590523","fe80::c30c:0:0:7","fe80::c30c:0:0:3","ICMPv6","76","RPL Control (Destination Advertisement Object)"
"4454","72.593850","fe80::c30c:0:0:7","fe80::c30c:0:0:3","ICMPv6","76","RPL Control (Destination Advertisement Object)"
"4455","72.597178","fe80::c30c:0:0:7","fe80::c30c:0:0:3","ICMPv6","76","RPL Control (Destination Advertisement Object)"
"4456","72.600516","fe80::c30c:0:0:7","fe80::c30c:0:0:3","ICMPv6","76","RPL Control (Destination Advertisement Object)"
"4457","72.603831","fe80::c30c:0:0:7","fe80::c30c:0:0:3","ICMPv6","76","RPL Control (Destination Advertisement Object)"
"4458","72.607157","fe80::c30c:0:0:7","fe80::c30c:0:0:3","ICMPv6","76","RPL Control (Destination Advertisement Object)"
"4459","72.610483","fe80::c30c:0:0:7","fe80::c30c:0:0:3","ICMPv6","76","RPL Control (Destination Advertisement Object)"
"4460","72.613810","fe80::c30c:0:0:7","fe80::c30c:0:0:3","ICMPv6","76","RPL Control (Destination Advertisement Object)"
"4461","72.617135","fe80::c30c:0:0:7","fe80::c30c:0:0:3","ICMPv6","76","RPL Control (Destination Advertisement Object)"
"4462","72.620461","fe80::c30c:0:0:7","fe80::c30c:0:0:3","ICMPv6","76","RPL Control (Destination Advertisement Object)"
"4463","72.623789","fe80::c30c:0:0:7","fe80::c30c:0:0:3","ICMPv6","76","RPL Control (Destination Advertisement Object)"
"4464","72.627114","fe80::c30c:0:0:7","fe80::c30c:0:0:3","ICMPv6","76","RPL Control (Destination Advertisement Object)"
"4465","72.630442","fe80::c30c:0:0:7","fe80::c30c:0:0:3","ICMPv6","76","RPL Control (Destination Advertisement Object)"
"4466","72.633768","fe80::c30c:0:0:7","fe80::c30c:0:0:3","ICMPv6","76","RPL Control (Destination Advertisement Object)"
"4467","72.637093","fe80::c30c:0:0:7","fe80::c30c:0:0:3","ICMPv6","76","RPL Control (Destination Advertisement Object)"
"4468","72.640420","fe80::c30c:0:0:7","fe80::c30c:0:0:3","ICMPv6","76","RPL Control (Destination Advertisement Object)"
"4469","72.643747","fe80::c30c:0:0:7","fe80::c30c:0:0:3","ICMPv6","76","RPL Control (Destination Advertisement Object)"
"4470","72.647073","fe80::c30c:0:0:7","fe80::c30c:0:0:3","ICMPv6","76","RPL Control (Destination Advertisement Object)"
"4471","72.650400","fe80::c30c:0:0:7","fe80::c30c:0:0:3","ICMPv6","76","RPL Control (Destination Advertisement Object)"
"4472","72.653243","","","IEEE 802.15.4","5","Ack"
"4473","72.693660","fe80::c30c:0:0:3","fe80::c30c:0:0:b","ICMPv6","76","RPL Control (Destination Advertisement Object)"
"4474","72.696981","fe80::c30c:0:0:3","fe80::c30c:0:0:b","ICMPv6","76","RPL Control (Destination Advertisement Object)"
"4475","72.700307","fe80::c30c:0:0:3","fe80::c30c:0:0:b","ICMPv6","76","RPL Control (Destination Advertisement Object)"
"4476","72.703633","fe80::c30c:0:0:3","fe80::c30c:0:0:b","ICMPv6","76","RPL Control (Destination Advertisement Object)"
"4477","72.706929","fe80::c30c:0:0:3","fe80::c30c:0:0:b","ICMPv6","76","RPL Control (Destination Advertisement Object)"
"4478","72.710257","fe80::c30c:0:0:3","fe80::c30c:0:0:b","ICMPv6","76","RPL Control (Destination Advertisement Object)"
"4479","72.713583","fe80::c30c:0:0:3","fe80::c30c:0:0:b","ICMPv6","76","RPL Control (Destination Advertisement Object)"
"4480","72.716909","fe80::c30c:0:0:3","fe80::c30c:0:0:b","ICMPv6","76","RPL Control (Destination Advertisement Object)"
"4481","72.720234","fe80::c30c:0:0:3","fe80::c30c:0:0:b","ICMPv6","76","RPL Control (Destination Advertisement Object)"
"4482","72.723561","fe80::c30c:0:0:3","fe80::c30c:0:0:b","ICMPv6","76","RPL Control (Destination Advertisement Object)"
"4483","72.726857","fe80::c30c:0:0:3","fe80::c30c:0:0:b","ICMPv6","76","RPL Control (Destination Advertisement Object)"
"4484","72.730185","fe80::c30c:0:0:3","fe80::c30c:0:0:b","ICMPv6","76","RPL Control (Destination Advertisement Object)"
"4485","72.733511","fe80::c30c:0:0:3","fe80::c30c:0:0:b","ICMPv6","76","RPL Control (Destination Advertisement Object)"
"4486","72.736837","fe80::c30c:0:0:3","fe80::c30c:0:0:b","ICMPv6","76","RPL Control (Destination Advertisement Object)"
"4487","72.740164","fe80::c30c:0:0:3","fe80::c30c:0:0:b","ICMPv6","76","RPL Control (Destination Advertisement Object)"
"4488","72.743488","fe80::c30c:0:0:3","fe80::c30c:0:0:b","ICMPv6","76","RPL Control (Destination Advertisement Object)"
"4489","72.746785","fe80::c30c:0:0:3","fe80::c30c:0:0:b","ICMPv6","76","RPL Control (Destination Advertisement Object)"
"4490","72.750111","fe80::c30c:0:0:3","fe80::c30c:0:0:b","ICMPv6","76","RPL Control (Destination Advertisement Object)"
"4491","72.753439","fe80::c30c:0:0:3","fe80::c30c:0:0:b","ICMPv6","76","RPL Control (Destination Advertisement Object)"
"4492","72.756764","fe80::c30c:0:0:3","fe80::c30c:0:0:b","ICMPv6","76","RPL Control (Destination Advertisement Object)"
"4493","72.760090","fe80::c30c:0:0:3","fe80::c30c:0:0:b","ICMPv6","76","RPL Control (Destination Advertisement Object)"
"4494","72.763418","fe80::c30c:0:0:3","fe80::c30c:0:0:b","ICMPv6","76","RPL Control (Destination Advertisement Object)"
"4495","72.766744","fe80::c30c:0:0:3","fe80::c30c:0:0:b","ICMPv6","76","RPL Control (Destination Advertisement Object)"
"4496","72.770070","fe80::c30c:0:0:3","fe80::c30c:0:0:b","ICMPv6","76","RPL Control (Destination Advertisement Object)"
"4497","72.773397","fe80::c30c:0:0:3","fe80::c30c:0:0:b","ICMPv6","76","RPL Control (Destination Advertisement Object)"
"4498","72.776724","fe80::c30c:0:0:3","fe80::c30c:0:0:b","ICMPv6","76","RPL Control (Destination Advertisement Object)"
"4499","72.780051","fe80::c30c:0:0:3","fe80::c30c:0:0:b","ICMPv6","76","RPL Control (Destination Advertisement Object)"
"4500","72.783377","fe80::c30c:0:0:3","fe80::c30c:0:0:b","ICMPv6","76","RPL Control (Destination Advertisement Object)"
"4501","72.786703","fe80::c30c:0:0:3","fe80::c30c:0:0:b","ICMPv6","76","RPL Control (Destination Advertisement Object)"
"4502","72.790029","fe80::c30c:0:0:3","fe80::c30c:0:0:b","ICMPv6","76","RPL Control (Destination Advertisement Object)"
"4503","72.793394","fe80::c30c:0:0:3","fe80::c30c:0:0:b","ICMPv6","76","RPL Control (Destination Advertisement Object)"
"4504","72.796711","fe80::c30c:0:0:3","fe80::c30c:0:0:b","ICMPv6","76","RPL Control (Destination Advertisement Object)"
"4505","72.800038","fe80::c30c:0:0:3","fe80::c30c:0:0:b","ICMPv6","76","RPL Control (Destination Advertisement Object)"
"4506","72.803365","fe80::c30c:0:0:3","fe80::c30c:0:0:b","ICMPv6","76","RPL Control (Destination Advertisement Object)"
"4507","72.806692","fe80::c30c:0:0:3","fe80::c30c:0:0:b","ICMPv6","76","RPL Control (Destination Advertisement Object)"
"4508","72.810017","fe80::c30c:0:0:3","fe80::c30c:0:0:b","ICMPv6","76","RPL Control (Destination Advertisement Object)"
"4509","72.813345","fe80::c30c:0:0:3","fe80::c30c:0:0:b","ICMPv6","76","RPL Control (Destination Advertisement Object)"
"4510","72.816671","fe80::c30c:0:0:3","fe80::c30c:0:0:b","ICMPv6","76","RPL Control (Destination Advertisement Object)"
"4511","72.819512","","","IEEE 802.15.4","5","Ack"
"4512","72.854469","fe80::c30c:0:0:b","fe80::c30c:0:0:1","ICMPv6","76","RPL Control (Destination Advertisement Object)"
"4513","72.857791","fe80::c30c:0:0:b","fe80::c30c:0:0:1","ICMPv6","76","RPL Control (Destination Advertisement Object)"
"4514","72.861116","fe80::c30c:0:0:b","fe80::c30c:0:0:1","ICMPv6","76","RPL Control (Destination Advertisement Object)"
"4515","72.864413","fe80::c30c:0:0:b","fe80::c30c:0:0:1","ICMPv6","76","RPL Control (Destination Advertisement Object)"
"4516","72.867739","fe80::c30c:0:0:b","fe80::c30c:0:0:1","ICMPv6","76","RPL Control (Destination Advertisement Object)"
"4517","72.871066","fe80::c30c:0:0:b","fe80::c30c:0:0:1","ICMPv6","76","RPL Control (Destination Advertisement Object)"
"4518","72.874393","fe80::c30c:0:0:b","fe80::c30c:0:0:1","ICMPv6","76","RPL Control (Destination Advertisement Object)"
"4519","72.877718","fe80::c30c:0:0:b","fe80::c30c:0:0:1","ICMPv6","76","RPL Control (Destination Advertisement Object)"
"4520","72.881014","fe80::c30c:0:0:b","fe80::c30c:0:0:1","ICMPv6","76","RPL Control (Destination Advertisement Object)"
"4521","72.884341","fe80::c30c:0:0:b","fe80::c30c:0:0:1","ICMPv6","76","RPL Control (Destination Advertisement Object)"
"4522","72.887182","","","IEEE 802.15.4","5","Ack"
"4523","83.790665","fe80::c30c:0:0:b","fe80::c30c:0:0:4","ICMPv6","102","RPL Control (DODAG Information Object)"
"4524","83.794803","fe80::c30c:0:0:b","fe80::c30c:0:0:4","ICMPv6","102","RPL Control (DODAG Information Object)"
"4525","83.798952","fe80::c30c:0:0:b","fe80::c30c:0:0:4","ICMPv6","102","RPL Control (DODAG Information Object)"
"4526","83.803103","fe80::c30c:0:0:b","fe80::c30c:0:0:4","ICMPv6","102","RPL Control (DODAG Information Object)"
"4527","83.807253","fe80::c30c:0:0:b","fe80::c30c:0:0:4","ICMPv6","102","RPL Control (DODAG Information Object)"
"4528","83.811404","fe80::c30c:0:0:b","fe80::c30c:0:0:4","ICMPv6","102","RPL Control (DODAG Information Object)"
"4529","83.815603","fe80::c30c:0:0:b","fe80::c30c:0:0:4","ICMPv6","102","RPL Control (DODAG Information Object)"
"4530","83.819767","fe80::c30c:0:0:b","fe80::c30c:0:0:4","ICMPv6","102","RPL Control (DODAG Information Object)"
"4531","83.823917","fe80::c30c:0:0:b","fe80::c30c:0:0:4","ICMPv6","102","RPL Control (DODAG Information Object)"
"4532","83.828067","fe80::c30c:0:0:b","fe80::c30c:0:0:4","ICMPv6","102","RPL Control (DODAG Information Object)"
"4533","83.832218","fe80::c30c:0:0:b","fe80::c30c:0:0:4","ICMPv6","102","RPL Control (DODAG Information Object)"
"4534","83.836368","fe80::c30c:0:0:b","fe80::c30c:0:0:4","ICMPv6","102","RPL Control (DODAG Information Object)"
"4535","83.840519","fe80::c30c:0:0:b","fe80::c30c:0:0:4","ICMPv6","102","RPL Control (DODAG Information Object)"
"4536","83.844668","fe80::c30c:0:0:b","fe80::c30c:0:0:4","ICMPv6","102","RPL Control (DODAG Information Object)"
"4537","83.848818","fe80::c30c:0:0:b","fe80::c30c:0:0:4","ICMPv6","102","RPL Control (DODAG Information Object)"
"4538","83.852489","","","IEEE 802.15.4","5","Ack"
"4539","86.944522","fe80::c30c:0:0:3","fe80::c30c:0:0:2","ICMPv6","102","RPL Control (DODAG Information Object)"
"4540","86.948659","fe80::c30c:0:0:3","fe80::c30c:0:0:2","ICMPv6","102","RPL Control (DODAG Information Object)"
"4541","86.952810","fe80::c30c:0:0:3","fe80::c30c:0:0:2","ICMPv6","102","RPL Control (DODAG Information Object)"
"4542","86.956960","fe80::c30c:0:0:3","fe80::c30c:0:0:2","ICMPv6","102","RPL Control (DODAG Information Object)"
"4543","86.961111","fe80::c30c:0:0:3","fe80::c30c:0:0:2","ICMPv6","102","RPL Control (DODAG Information Object)"
"4544","86.965269","fe80::c30c:0:0:3","fe80::c30c:0:0:2","ICMPv6","102","RPL Control (DODAG Information Object)"
"4545","86.969410","fe80::c30c:0:0:3","fe80::c30c:0:0:2","ICMPv6","102","RPL Control (DODAG Information Object)"
"4546","86.973561","fe80::c30c:0:0:3","fe80::c30c:0:0:2","ICMPv6","102","RPL Control (DODAG Information Object)"
"4547","86.977713","fe80::c30c:0:0:3","fe80::c30c:0:0:2","ICMPv6","102","RPL Control (DODAG Information Object)"
"4548","86.981863","fe80::c30c:0:0:3","fe80::c30c:0:0:2","ICMPv6","102","RPL Control (DODAG Information Object)"
"4549","86.986014","fe80::c30c:0:0:3","fe80::c30c:0:0:2","ICMPv6","102","RPL Control (DODAG Information Object)"
"4550","86.990162","fe80::c30c:0:0:3","fe80::c30c:0:0:2","ICMPv6","102","RPL Control (DODAG Information Object)"
"4551","86.993833","","","IEEE 802.15.4","5","Ack"
"4552","89.364533","fe80::c30c:0:0:8","ff02::1a","ICMPv6","97","RPL Control (DODAG Information Object)"
"4553","89.368870","fe80::c30c:0:0:8","ff02::1a","ICMPv6","97","RPL Control (DODAG Information Object)"
"4554","89.373196","fe80::c30c:0:0:8","ff02::1a","ICMPv6","97","RPL Control (DODAG Information Object)"
"4555","89.377536","fe80::c30c:0:0:8","ff02::1a","ICMPv6","97","RPL Control (DODAG Information Object)"
"4556","89.381870","fe80::c30c:0:0:8","ff02::1a","ICMPv6","97","RPL Control (DODAG Information Object)"
"4557","89.386202","fe80::c30c:0:0:8","ff02::1a","ICMPv6","97","RPL Control (DODAG Information Object)"
"4558","89.390527","fe80::c30c:0:0:8","ff02::1a","ICMPv6","97","RPL Control (DODAG Information Object)"
"4559","89.394870","fe80::c30c:0:0:8","ff02::1a","ICMPv6","97","RPL Control (DODAG Information Object)"
"4560","89.399203","fe80::c30c:0:0:8","ff02::1a","ICMPv6","97","RPL Control (DODAG Information Object)"
"4561","89.403538","fe80::c30c:0:0:8","ff02::1a","ICMPv6","97","RPL Control (DODAG Information Object)"
"4562","89.407862","fe80::c30c:0:0:8","ff02::1a","ICMPv6","97","RPL Control (DODAG Information Object)"
"4563","89.412194","fe80::c30c:0:0:8","ff02::1a","ICMPv6","97","RPL Control (DODAG Information Object)"
"4564","89.416537","fe80::c30c:0:0:8","ff02::1a","ICMPv6","97","RPL Control (DODAG Information Object)"
"4565","89.420872","fe80::c30c:0:0:8","ff02::1a","ICMPv6","97","RPL Control (DODAG Information Object)"
"4566","89.425204","fe80::c30c:0:0:8","ff02::1a","ICMPv6","97","RPL Control (DODAG Information Object)"
"4567","89.429539","fe80::c30c:0:0:8","ff02::1a","ICMPv6","97","RPL Control (DODAG Information Object)"
"4568","89.433871","fe80::c30c:0:0:8","ff02::1a","ICMPv6","97","RPL Control (DODAG Information Object)"
"4569","89.438206","fe80::c30c:0:0:8","ff02::1a","ICMPv6","97","RPL Control (DODAG Information Object)"
"4570","89.442538","fe80::c30c:0:0:8","ff02::1a","ICMPv6","97","RPL Control (DODAG Information Object)"
"4571","89.446862","fe80::c30c:0:0:8","ff02::1a","ICMPv6","97","RPL Control (DODAG Information Object)"
"4572","89.451197","fe80::c30c:0:0:8","ff02::1a","ICMPv6","97","RPL Control (DODAG Information Object)"
"4573","89.455529","fe80::c30c:0:0:8","ff02::1a","ICMPv6","97","RPL Control (DODAG Information Object)"
"4574","89.459873","fe80::c30c:0:0:8","ff02::1a","ICMPv6","97","RPL Control (DODAG Information Object)"
"4575","89.464207","fe80::c30c:0:0:8","ff02::1a","ICMPv6","97","RPL Control (DODAG Information Object)"
"4576","89.468540","fe80::c30c:0:0:8","ff02::1a","ICMPv6","97","RPL Control (DODAG Information Object)"
"4577","89.472872","fe80::c30c:0:0:8","ff02::1a","ICMPv6","97","RPL Control (DODAG Information Object)"
"4578","89.477207","fe80::c30c:0:0:8","ff02::1a","ICMPv6","97","RPL Control (DODAG Information Object)"
"4579","89.481539","fe80::c30c:0:0:8","ff02::1a","ICMPv6","97","RPL Control (DODAG Information Object)"
"4580","89.485863","fe80::c30c:0:0:8","ff02::1a","ICMPv6","97","RPL Control (DODAG Information Object)"
"4581","89.490218","fe80::c30c:0:0:8","ff02::1a","ICMPv6","97","RPL Control (DODAG Information Object)"
"4582","89.503832","fe80::c30c:0:0:4","fe80::c30c:0:0:b","ICMPv6","102","RPL Control (DODAG Information Object)"
"4583","89.508006","fe80::c30c:0:0:4","fe80::c30c:0:0:b","ICMPv6","102","RPL Control (DODAG Information Object)"
"4584","89.512148","fe80::c30c:0:0:4","fe80::c30c:0:0:b","ICMPv6","102","RPL Control (DODAG Information Object)"
"4585","89.516299","fe80::c30c:0:0:4","fe80::c30c:0:0:b","ICMPv6","102","RPL Control (DODAG Information Object)"
"4586","89.520449","fe80::c30c:0:0:4","fe80::c30c:0:0:b","ICMPv6","102","RPL Control (DODAG Information Object)"
"4587","89.524599","fe80::c30c:0:0:4","fe80::c30c:0:0:b","ICMPv6","102","RPL Control (DODAG Information Object)"
"4588","89.528750","fe80::c30c:0:0:4","fe80::c30c:0:0:b","ICMPv6","102","RPL Control (DODAG Information Object)"
"4589","89.532901","fe80::c30c:0:0:4","fe80::c30c:0:0:b","ICMPv6","102","RPL Control (DODAG Information Object)"
"4590","89.537052","fe80::c30c:0:0:4","fe80::c30c:0:0:b","ICMPv6","102","RPL Control (DODAG Information Object)"
"4591","89.541202","fe80::c30c:0:0:4","fe80::c30c:0:0:b","ICMPv6","102","RPL Control (DODAG Information Object)"
"4592","89.545353","fe80::c30c:0:0:4","fe80::c30c:0:0:b","ICMPv6","102","RPL Control (DODAG Information Object)"
"4593","89.549503","fe80::c30c:0:0:4","fe80::c30c:0:0:b","ICMPv6","102","RPL Control (DODAG Information Object)"
"4594","89.553653","fe80::c30c:0:0:4","fe80::c30c:0:0:b","ICMPv6","102","RPL Control (DODAG Information Object)"
"4595","89.557803","fe80::c30c:0:0:4","fe80::c30c:0:0:b","ICMPv6","102","RPL Control (DODAG Information Object)"
"4596","89.561954","fe80::c30c:0:0:4","fe80::c30c:0:0:b","ICMPv6","102","RPL Control (DODAG Information Object)"
"4597","89.566103","fe80::c30c:0:0:4","fe80::c30c:0:0:b","ICMPv6","102","RPL Control (DODAG Information Object)"
"4598","89.569774","","","IEEE 802.15.4","5","Ack"
"4599","90.539181","fe80::c30c:0:0:9","ff02::1a","ICMPv6","97","RPL Control (DODAG Information Object)"
"4600","90.543517","fe80::c30c:0:0:9","ff02::1a","ICMPv6","97","RPL Control (DODAG Information Object)"
"4601","90.547849","fe80::c30c:0:0:9","ff02::1a","ICMPv6","97","RPL Control (DODAG Information Object)"
"4602","90.552184","fe80::c30c:0:0:9","ff02::1a","ICMPv6","97","RPL Control (DODAG Information Object)"
"4603","90.556518","fe80::c30c:0:0:9","ff02::1a","ICMPv6","97","RPL Control (DODAG Information Object)"
"4604","90.560852","fe80::c30c:0:0:9","ff02::1a","ICMPv6","97","RPL Control (DODAG Information Object)"
"4605","90.565186","fe80::c30c:0:0:9","ff02::1a","ICMPv6","97","RPL Control (DODAG Information Object)"
"4606","90.569518","fe80::c30c:0:0:9","ff02::1a","ICMPv6","97","RPL Control (DODAG Information Object)"
"4607","90.573851","fe80::c30c:0:0:9","ff02::1a","ICMPv6","97","RPL Control (DODAG Information Object)"
"4608","90.578176","fe80::c30c:0:0:9","ff02::1a","ICMPv6","97","RPL Control (DODAG Information Object)"
"4609","90.582489","fe80::c30c:0:0:9","ff02::1a","ICMPv6","97","RPL Control (DODAG Information Object)"
"4610","90.586854","fe80::c30c:0:0:9","ff02::1a","ICMPv6","97","RPL Control (DODAG Information Object)"
"4611","90.591186","fe80::c30c:0:0:9","ff02::1a","ICMPv6","97","RPL Control (DODAG Information Object)"
"4612","90.595520","fe80::c30c:0:0:9","ff02::1a","ICMPv6","97","RPL Control (DODAG Information Object)"
"4613","90.599854","fe80::c30c:0:0:9","ff02::1a","ICMPv6","97","RPL Control (DODAG Information Object)"
"4614","90.604176","fe80::c30c:0:0:9","ff02::1a","ICMPv6","97","RPL Control (DODAG Information Object)"
"4615","90.608521","fe80::c30c:0:0:9","ff02::1a","ICMPv6","97","RPL Control (DODAG Information Object)"
"4616","90.612853","fe80::c30c:0:0:9","ff02::1a","ICMPv6","97","RPL Control (DODAG Information Object)"
"4617","90.617187","fe80::c30c:0:0:9","ff02::1a","ICMPv6","97","RPL Control (DODAG Information Object)"
"4618","90.621520","fe80::c30c:0:0:9","ff02::1a","ICMPv6","97","RPL Control (DODAG Information Object)"
"4619","90.625855","fe80::c30c:0:0:9","ff02::1a","ICMPv6","97","RPL Control (DODAG Information Object)"
"4620","90.630187","fe80::c30c:0:0:9","ff02::1a","ICMPv6","97","RPL Control (DODAG Information Object)"
"4621","90.634552","fe80::c30c:0:0:9","ff02::1a","ICMPv6","97","RPL Control (DODAG Information Object)"
"4622","90.638886","fe80::c30c:0:0:9","ff02::1a","ICMPv6","97","RPL Control (DODAG Information Object)"
"4623","90.643218","fe80::c30c:0:0:9","ff02::1a","ICMPv6","97","RPL Control (DODAG Information Object)"
"4624","90.647553","fe80::c30c:0:0:9","ff02::1a","ICMPv6","97","RPL Control (DODAG Information Object)"
"4625","90.651885","fe80::c30c:0:0:9","ff02::1a","ICMPv6","97","RPL Control (DODAG Information Object)"
"4626","90.656218","fe80::c30c:0:0:9","ff02::1a","ICMPv6","97","RPL Control (DODAG Information Object)"
"4627","90.660553","fe80::c30c:0:0:9","ff02::1a","ICMPv6","97","RPL Control (DODAG Information Object)"
"4628","90.664885","fe80::c30c:0:0:9","ff02::1a","ICMPv6","97","RPL Control (DODAG Information Object)"
"4629","91.035603","fe80::c30c:0:0:9","fe80::c30c:0:0:6","ICMPv6","102","RPL Control (DODAG Information Object)"
"4630","91.039748","fe80::c30c:0:0:9","fe80::c30c:0:0:6","ICMPv6","102","RPL Control (DODAG Information Object)"
"4631","91.043899","fe80::c30c:0:0:9","fe80::c30c:0:0:6","ICMPv6","102","RPL Control (DODAG Information Object)"
"4632","91.048050","fe80::c30c:0:0:9","fe80::c30c:0:0:6","ICMPv6","102","RPL Control (DODAG Information Object)"
"4633","91.052200","fe80::c30c:0:0:9","fe80::c30c:0:0:6","ICMPv6","102","RPL Control (DODAG Information Object)"
"4634","91.056350","fe80::c30c:0:0:9","fe80::c30c:0:0:6","ICMPv6","102","RPL Control (DODAG Information Object)"
"4635","91.060500","fe80::c30c:0:0:9","fe80::c30c:0:0:6","ICMPv6","102","RPL Control (DODAG Information Object)"
"4636","91.064651","fe80::c30c:0:0:9","fe80::c30c:0:0:6","ICMPv6","102","RPL Control (DODAG Information Object)"
"4637","91.068802","fe80::c30c:0:0:9","fe80::c30c:0:0:6","ICMPv6","102","RPL Control (DODAG Information Object)"
"4638","91.072952","fe80::c30c:0:0:9","fe80::c30c:0:0:6","ICMPv6","102","RPL Control (DODAG Information Object)"
"4639","91.077101","fe80::c30c:0:0:9","fe80::c30c:0:0:6","ICMPv6","102","RPL Control (DODAG Information Object)"
"4640","91.081253","fe80::c30c:0:0:9","fe80::c30c:0:0:6","ICMPv6","102","RPL Control (DODAG Information Object)"
"4641","91.085403","fe80::c30c:0:0:9","fe80::c30c:0:0:6","ICMPv6","102","RPL Control (DODAG Information Object)"
"4642","91.089554","fe80::c30c:0:0:9","fe80::c30c:0:0:6","ICMPv6","102","RPL Control (DODAG Information Object)"
"4643","91.093703","fe80::c30c:0:0:9","fe80::c30c:0:0:6","ICMPv6","102","RPL Control (DODAG Information Object)"
"4644","91.097854","fe80::c30c:0:0:9","fe80::c30c:0:0:6","ICMPv6","102","RPL Control (DODAG Information Object)"
"4645","91.102005","fe80::c30c:0:0:9","fe80::c30c:0:0:6","ICMPv6","102","RPL Control (DODAG Information Object)"
"4646","91.106155","fe80::c30c:0:0:9","fe80::c30c:0:0:6","ICMPv6","102","RPL Control (DODAG Information Object)"
"4647","91.110349","fe80::c30c:0:0:9","fe80::c30c:0:0:6","ICMPv6","102","RPL Control (DODAG Information Object)"
"4648","91.114487","fe80::c30c:0:0:9","fe80::c30c:0:0:6","ICMPv6","102","RPL Control (DODAG Information Object)"
"4649","91.118637","fe80::c30c:0:0:9","fe80::c30c:0:0:6","ICMPv6","102","RPL Control (DODAG Information Object)"
"4650","91.122787","fe80::c30c:0:0:9","fe80::c30c:0:0:6","ICMPv6","102","RPL Control (DODAG Information Object)"
"4651","91.126937","fe80::c30c:0:0:9","fe80::c30c:0:0:6","ICMPv6","102","RPL Control (DODAG Information Object)"
"4652","91.130608","","","IEEE 802.15.4","5","Ack"
"4653","93.152931","fe80::c30c:0:0:a","ff02::1a","ICMPv6","97","RPL Control (DODAG Information Object)"
"4654","93.157267","fe80::c30c:0:0:a","ff02::1a","ICMPv6","97","RPL Control (DODAG Information Object)"
"4655","93.161600","fe80::c30c:0:0:a","ff02::1a","ICMPv6","97","RPL Control (DODAG Information Object)"
"4656","93.165934","fe80::c30c:0:0:a","ff02::1a","ICMPv6","97","RPL Control (DODAG Information Object)"
"4657","93.170269","fe80::c30c:0:0:a","ff02::1a","ICMPv6","97","RPL Control (DODAG Information Object)"
"4658","93.174601","fe80::c30c:0:0:a","ff02::1a","ICMPv6","97","RPL Control (DODAG Information Object)"
"4659","93.178926","fe80::c30c:0:0:a","ff02::1a","ICMPv6","97","RPL Control (DODAG Information Object)"
"4660","93.183268","fe80::c30c:0:0:a","ff02::1a","ICMPv6","97","RPL Control (DODAG Information Object)"
"4661","93.187603","fe80::c30c:0:0:a","ff02::1a","ICMPv6","97","RPL Control (DODAG Information Object)"
"4662","93.191936","fe80::c30c:0:0:a","ff02::1a","ICMPv6","97","RPL Control (DODAG Information Object)"
"4663","93.196260","fe80::c30c:0:0:a","ff02::1a","ICMPv6","97","RPL Control (DODAG Information Object)"
"4664","93.200593","fe80::c30c:0:0:a","ff02::1a","ICMPv6","97","RPL Control (DODAG Information Object)"
"4665","93.204935","fe80::c30c:0:0:a","ff02::1a","ICMPv6","97","RPL Control (DODAG Information Object)"
"4666","93.209270","fe80::c30c:0:0:a","ff02::1a","ICMPv6","97","RPL Control (DODAG Information Object)"
"4667","93.213602","fe80::c30c:0:0:a","ff02::1a","ICMPv6","97","RPL Control (DODAG Information Object)"
"4668","93.217937","fe80::c30c:0:0:a","ff02::1a","ICMPv6","97","RPL Control (DODAG Information Object)"
"4669","93.222269","fe80::c30c:0:0:a","ff02::1a","ICMPv6","97","RPL Control (DODAG Information Object)"
"4670","93.226604","fe80::c30c:0:0:a","ff02::1a","ICMPv6","97","RPL Control (DODAG Information Object)"
"4671","93.230936","fe80::c30c:0:0:a","ff02::1a","ICMPv6","97","RPL Control (DODAG Information Object)"
"4672","93.235260","fe80::c30c:0:0:a","ff02::1a","ICMPv6","97","RPL Control (DODAG Information Object)"
"4673","93.239594","fe80::c30c:0:0:a","ff02::1a","ICMPv6","97","RPL Control (DODAG Information Object)"
"4674","93.243927","fe80::c30c:0:0:a","ff02::1a","ICMPv6","97","RPL Control (DODAG Information Object)"
"4675","93.248271","fe80::c30c:0:0:a","ff02::1a","ICMPv6","97","RPL Control (DODAG Information Object)"
"4676","93.252605","fe80::c30c:0:0:a","ff02::1a","ICMPv6","97","RPL Control (DODAG Information Object)"
"4677","93.256939","fe80::c30c:0:0:a","ff02::1a","ICMPv6","97","RPL Control (DODAG Information Object)"
"4678","93.261271","fe80::c30c:0:0:a","ff02::1a","ICMPv6","97","RPL Control (DODAG Information Object)"
"4679","93.265606","fe80::c30c:0:0:a","ff02::1a","ICMPv6","97","RPL Control (DODAG Information Object)"
"4680","93.269938","fe80::c30c:0:0:a","ff02::1a","ICMPv6","97","RPL Control (DODAG Information Object)"
"4681","93.274262","fe80::c30c:0:0:a","ff02::1a","ICMPv6","97","RPL Control (DODAG Information Object)"
"4682","93.278617","fe80::c30c:0:0:a","ff02::1a","ICMPv6","97","RPL Control (DODAG Information Object)"
"4683","93.595551","fe80::c30c:0:0:8","fe80::c30c:0:0:9","ICMPv6","76","RPL Control (Destination Advertisement Object)"
"4684","93.598865","fe80::c30c:0:0:8","fe80::c30c:0:0:9","ICMPv6","76","RPL Control (Destination Advertisement Object)"
"4685","93.602191","fe80::c30c:0:0:8","fe80::c30c:0:0:9","ICMPv6","76","RPL Control (Destination Advertisement Object)"
"4686","93.605516","fe80::c30c:0:0:8","fe80::c30c:0:0:9","ICMPv6","76","RPL Control (Destination Advertisement Object)"
"4687","93.608814","fe80::c30c:0:0:8","fe80::c30c:0:0:9","ICMPv6","76","RPL Control (Destination Advertisement Object)"
"4688","93.612140","fe80::c30c:0:0:8","fe80::c30c:0:0:9","ICMPv6","76","RPL Control (Destination Advertisement Object)"
"4689","93.615465","fe80::c30c:0:0:8","fe80::c30c:0:0:9","ICMPv6","76","RPL Control (Destination Advertisement Object)"
"4690","93.618792","fe80::c30c:0:0:8","fe80::c30c:0:0:9","ICMPv6","76","RPL Control (Destination Advertisement Object)"
"4691","93.622119","fe80::c30c:0:0:8","fe80::c30c:0:0:9","ICMPv6","76","RPL Control (Destination Advertisement Object)"
"4692","93.625444","fe80::c30c:0:0:8","fe80::c30c:0:0:9","ICMPv6","76","RPL Control (Destination Advertisement Object)"
"4693","93.628740","fe80::c30c:0:0:8","fe80::c30c:0:0:9","ICMPv6","76","RPL Control (Destination Advertisement Object)"
"4694","93.632067","fe80::c30c:0:0:8","fe80::c30c:0:0:9","ICMPv6","76","RPL Control (Destination Advertisement Object)"
"4695","93.635395","fe80::c30c:0:0:8","fe80::c30c:0:0:9","ICMPv6","76","RPL Control (Destination Advertisement Object)"
"4696","93.638721","fe80::c30c:0:0:8","fe80::c30c:0:0:9","ICMPv6","76","RPL Control (Destination Advertisement Object)"
"4697","93.642046","fe80::c30c:0:0:8","fe80::c30c:0:0:9","ICMPv6","76","RPL Control (Destination Advertisement Object)"
"4698","93.645343","fe80::c30c:0:0:8","fe80::c30c:0:0:9","ICMPv6","76","RPL Control (Destination Advertisement Object)"
"4699","93.648669","fe80::c30c:0:0:8","fe80::c30c:0:0:9","ICMPv6","76","RPL Control (Destination Advertisement Object)"
"4700","93.651994","fe80::c30c:0:0:8","fe80::c30c:0:0:9","ICMPv6","76","RPL Control (Destination Advertisement Object)"
"4701","93.655292","fe80::c30c:0:0:8","fe80::c30c:0:0:9","ICMPv6","76","RPL Control (Destination Advertisement Object)"
"4702","93.658618","fe80::c30c:0:0:8","fe80::c30c:0:0:9","ICMPv6","76","RPL Control (Destination Advertisement Object)"
"4703","93.661943","fe80::c30c:0:0:8","fe80::c30c:0:0:9","ICMPv6","76","RPL Control (Destination Advertisement Object)"
"4704","93.665271","fe80::c30c:0:0:8","fe80::c30c:0:0:9","ICMPv6","76","RPL Control (Destination Advertisement Object)"
"4705","93.668598","fe80::c30c:0:0:8","fe80::c30c:0:0:9","ICMPv6","76","RPL Control (Destination Advertisement Object)"
"4706","93.671923","fe80::c30c:0:0:8","fe80::c30c:0:0:9","ICMPv6","76","RPL Control (Destination Advertisement Object)"
"4707","93.675219","fe80::c30c:0:0:8","fe80::c30c:0:0:9","ICMPv6","76","RPL Control (Destination Advertisement Object)"
"4708","93.678546","fe80::c30c:0:0:8","fe80::c30c:0:0:9","ICMPv6","76","RPL Control (Destination Advertisement Object)"
"4709","93.681841","fe80::c30c:0:0:8","fe80::c30c:0:0:9","ICMPv6","76","RPL Control (Destination Advertisement Object)"
"4710","93.685137","fe80::c30c:0:0:8","fe80::c30c:0:0:9","ICMPv6","76","RPL Control (Destination Advertisement Object)"
"4711","93.688464","fe80::c30c:0:0:8","fe80::c30c:0:0:9","ICMPv6","76","RPL Control (Destination Advertisement Object)"
"4712","93.691789","fe80::c30c:0:0:8","fe80::c30c:0:0:9","ICMPv6","76","RPL Control (Destination Advertisement Object)"
"4713","93.695087","fe80::c30c:0:0:8","fe80::c30c:0:0:9","ICMPv6","76","RPL Control (Destination Advertisement Object)"
"4714","93.698413","fe80::c30c:0:0:8","fe80::c30c:0:0:9","ICMPv6","76","RPL Control (Destination Advertisement Object)"
"4715","93.701739","fe80::c30c:0:0:8","fe80::c30c:0:0:9","ICMPv6","76","RPL Control (Destination Advertisement Object)"
"4716","93.705066","fe80::c30c:0:0:8","fe80::c30c:0:0:9","ICMPv6","76","RPL Control (Destination Advertisement Object)"
"4717","93.708393","fe80::c30c:0:0:8","fe80::c30c:0:0:9","ICMPv6","76","RPL Control (Destination Advertisement Object)"
"4718","93.711717","fe80::c30c:0:0:8","fe80::c30c:0:0:9","ICMPv6","76","RPL Control (Destination Advertisement Object)"
"4719","93.714558","","","IEEE 802.15.4","5","Ack"
"4720","93.748991","fe80::c30c:0:0:9","fe80::c30c:0:0:7","ICMPv6","76","RPL Control (Destination Advertisement Object)"
"4721","93.752304","fe80::c30c:0:0:9","fe80::c30c:0:0:7","ICMPv6","76","RPL Control (Destination Advertisement Object)"
"4722","93.755630","fe80::c30c:0:0:9","fe80::c30c:0:0:7","ICMPv6","76","RPL Control (Destination Advertisement Object)"
"4723","93.758955","fe80::c30c:0:0:9","fe80::c30c:0:0:7","ICMPv6","76","RPL Control (Destination Advertisement Object)"
"4724","93.762283","fe80::c30c:0:0:9","fe80::c30c:0:0:7","ICMPv6","76","RPL Control (Destination Advertisement Object)"
"4725","93.765609","fe80::c30c:0:0:9","fe80::c30c:0:0:7","ICMPv6","76","RPL Control (Destination Advertisement Object)"
"4726","93.768935","fe80::c30c:0:0:9","fe80::c30c:0:0:7","ICMPv6","76","RPL Control (Destination Advertisement Object)"
"4727","93.772262","fe80::c30c:0:0:9","fe80::c30c:0:0:7","ICMPv6","76","RPL Control (Destination Advertisement Object)"
"4728","93.775589","fe80::c30c:0:0:9","fe80::c30c:0:0:7","ICMPv6","76","RPL Control (Destination Advertisement Object)"
"4729","93.778915","fe80::c30c:0:0:9","fe80::c30c:0:0:7","ICMPv6","76","RPL Control (Destination Advertisement Object)"
"4730","93.781756","","","IEEE 802.15.4","5","Ack"
"4731","93.815422","fe80::c30c:0:0:7","fe80::c30c:0:0:3","ICMPv6","76","RPL Control (Destination Advertisement Object)"
"4732","93.818735","fe80::c30c:0:0:7","fe80::c30c:0:0:3","ICMPv6","76","RPL Control (Destination Advertisement Object)"
"4733","93.822061","fe80::c30c:0:0:7","fe80::c30c:0:0:3","ICMPv6","76","RPL Control (Destination Advertisement Object)"
"4734","93.825386","fe80::c30c:0:0:7","fe80::c30c:0:0:3","ICMPv6","76","RPL Control (Destination Advertisement Object)"
"4735","93.828714","fe80::c30c:0:0:7","fe80::c30c:0:0:3","ICMPv6","76","RPL Control (Destination Advertisement Object)"
"4736","93.832040","fe80::c30c:0:0:7","fe80::c30c:0:0:3","ICMPv6","76","RPL Control (Destination Advertisement Object)"
"4737","93.835367","fe80::c30c:0:0:7","fe80::c30c:0:0:3","ICMPv6","76","RPL Control (Destination Advertisement Object)"
"4738","93.838694","fe80::c30c:0:0:7","fe80::c30c:0:0:3","ICMPv6","76","RPL Control (Destination Advertisement Object)"
"4739","93.842020","fe80::c30c:0:0:7","fe80::c30c:0:0:3","ICMPv6","76","RPL Control (Destination Advertisement Object)"
"4740","93.845346","fe80::c30c:0:0:7","fe80::c30c:0:0:3","ICMPv6","76","RPL Control (Destination Advertisement Object)"
"4741","93.848671","fe80::c30c:0:0:7","fe80::c30c:0:0:3","ICMPv6","76","RPL Control (Destination Advertisement Object)"
"4742","93.851998","fe80::c30c:0:0:7","fe80::c30c:0:0:3","ICMPv6","76","RPL Control (Destination Advertisement Object)"
"4743","93.855326","fe80::c30c:0:0:7","fe80::c30c:0:0:3","ICMPv6","76","RPL Control (Destination Advertisement Object)"
"4744","93.858652","fe80::c30c:0:0:7","fe80::c30c:0:0:3","ICMPv6","76","RPL Control (Destination Advertisement Object)"
"4745","93.861977","fe80::c30c:0:0:7","fe80::c30c:0:0:3","ICMPv6","76","RPL Control (Destination Advertisement Object)"
"4746","93.865274","fe80::c30c:0:0:7","fe80::c30c:0:0:3","ICMPv6","76","RPL Control (Destination Advertisement Object)"
"4747","93.868601","fe80::c30c:0:0:7","fe80::c30c:0:0:3","ICMPv6","76","RPL Control (Destination Advertisement Object)"
"4748","93.871926","fe80::c30c:0:0:7","fe80::c30c:0:0:3","ICMPv6","76","RPL Control (Destination Advertisement Object)"
"4749","93.875222","fe80::c30c:0:0:7","fe80::c30c:0:0:3","ICMPv6","76","RPL Control (Destination Advertisement Object)"
"4750","93.878518","fe80::c30c:0:0:7","fe80::c30c:0:0:3","ICMPv6","76","RPL Control (Destination Advertisement Object)"
"4751","93.881846","fe80::c30c:0:0:7","fe80::c30c:0:0:3","ICMPv6","76","RPL Control (Destination Advertisement Object)"
"4752","93.885172","fe80::c30c:0:0:7","fe80::c30c:0:0:3","ICMPv6","76","RPL Control (Destination Advertisement Object)"
"4753","93.888498","fe80::c30c:0:0:7","fe80::c30c:0:0:3","ICMPv6","76","RPL Control (Destination Advertisement Object)"
"4754","93.891823","fe80::c30c:0:0:7","fe80::c30c:0:0:3","ICMPv6","76","RPL Control (Destination Advertisement Object)"
"4755","93.895120","fe80::c30c:0:0:7","fe80::c30c:0:0:3","ICMPv6","76","RPL Control (Destination Advertisement Object)"
"4756","93.898447","fe80::c30c:0:0:7","fe80::c30c:0:0:3","ICMPv6","76","RPL Control (Destination Advertisement Object)"
"4757","93.901773","fe80::c30c:0:0:7","fe80::c30c:0:0:3","ICMPv6","76","RPL Control (Destination Advertisement Object)"
"4758","93.904614","","","IEEE 802.15.4","5","Ack"
"4759","93.939060","fe80::c30c:0:0:3","fe80::c30c:0:0:b","ICMPv6","76","RPL Control (Destination Advertisement Object)"
"4760","93.942373","fe80::c30c:0:0:3","fe80::c30c:0:0:b","ICMPv6","76","RPL Control (Destination Advertisement Object)"
"4761","93.945214","","","IEEE 802.15.4","5","Ack"
"4762","93.980179","fe80::c30c:0:0:b","fe80::c30c:0:0:1","ICMPv6","76","RPL Control (Destination Advertisement Object)"
"4763","93.983492","fe80::c30c:0:0:b","fe80::c30c:0:0:1","ICMPv6","76","RPL Control (Destination Advertisement Object)"
"4764","93.986788","fe80::c30c:0:0:b","fe80::c30c:0:0:1","ICMPv6","76","RPL Control (Destination Advertisement Object)"
"4765","93.990116","fe80::c30c:0:0:b","fe80::c30c:0:0:1","ICMPv6","76","RPL Control (Destination Advertisement Object)"
"4766","93.993442","fe80::c30c:0:0:b","fe80::c30c:0:0:1","ICMPv6","76","RPL Control (Destination Advertisement Object)"
"4767","93.996768","fe80::c30c:0:0:b","fe80::c30c:0:0:1","ICMPv6","76","RPL Control (Destination Advertisement Object)"
"4768","94.000094","fe80::c30c:0:0:b","fe80::c30c:0:0:1","ICMPv6","76","RPL Control (Destination Advertisement Object)"
"4769","94.003422","fe80::c30c:0:0:b","fe80::c30c:0:0:1","ICMPv6","76","RPL Control (Destination Advertisement Object)"
"4770","94.006777","fe80::c30c:0:0:b","fe80::c30c:0:0:1","ICMPv6","76","RPL Control (Destination Advertisement Object)"
"4771","94.010105","fe80::c30c:0:0:b","fe80::c30c:0:0:1","ICMPv6","76","RPL Control (Destination Advertisement Object)"
"4772","94.012945","","","IEEE 802.15.4","5","Ack"
"4773","99.791025","fe80::c30c:0:0:1","ff02::1a","ICMPv6","97","RPL Control (DODAG Information Object)"
"4774","99.795362","fe80::c30c:0:0:1","ff02::1a","ICMPv6","97","RPL Control (DODAG Information Object)"
"4775","99.799692","fe80::c30c:0:0:1","ff02::1a","ICMPv6","97","RPL Control (DODAG Information Object)"
"4776","99.804029","fe80::c30c:0:0:1","ff02::1a","ICMPv6","97","RPL Control (DODAG Information Object)"
"4777","99.808363","fe80::c30c:0:0:1","ff02::1a","ICMPv6","97","RPL Control (DODAG Information Object)"
"4778","99.812696","fe80::c30c:0:0:1","ff02::1a","ICMPv6","97","RPL Control (DODAG Information Object)"
"4779","99.817029","fe80::c30c:0:0:1","ff02::1a","ICMPv6","97","RPL Control (DODAG Information Object)"
"4780","99.821364","fe80::c30c:0:0:1","ff02::1a","ICMPv6","97","RPL Control (DODAG Information Object)"
"4781","99.825698","fe80::c30c:0:0:1","ff02::1a","ICMPv6","97","RPL Control (DODAG Information Object)"
"4782","99.830031","fe80::c30c:0:0:1","ff02::1a","ICMPv6","97","RPL Control (DODAG Information Object)"
"4783","99.834355","fe80::c30c:0:0:1","ff02::1a","ICMPv6","97","RPL Control (DODAG Information Object)"
"4784","99.838729","fe80::c30c:0:0:1","ff02::1a","ICMPv6","97","RPL Control (DODAG Information Object)"
"4785","99.843061","fe80::c30c:0:0:1","ff02::1a","ICMPv6","97","RPL Control (DODAG Information Object)"
"4786","99.847395","fe80::c30c:0:0:1","ff02::1a","ICMPv6","97","RPL Control (DODAG Information Object)"
"4787","99.851729","fe80::c30c:0:0:1","ff02::1a","ICMPv6","97","RPL Control (DODAG Information Object)"
"4788","99.856062","fe80::c30c:0:0:1","ff02::1a","ICMPv6","97","RPL Control (DODAG Information Object)"
"4789","99.860394","fe80::c30c:0:0:1","ff02::1a","ICMPv6","97","RPL Control (DODAG Information Object)"
"4790","99.864729","fe80::c30c:0:0:1","ff02::1a","ICMPv6","97","RPL Control (DODAG Information Object)"
"4791","99.869061","fe80::c30c:0:0:1","ff02::1a","ICMPv6","97","RPL Control (DODAG Information Object)"
"4792","99.873396","fe80::c30c:0:0:1","ff02::1a","ICMPv6","97","RPL Control (DODAG Information Object)"
"4793","99.877728","fe80::c30c:0:0:1","ff02::1a","ICMPv6","97","RPL Control (DODAG Information Object)"
"4794","99.882100","fe80::c30c:0:0:1","ff02::1a","ICMPv6","97","RPL Control (DODAG Information Object)"
"4795","99.886417","fe80::c30c:0:0:1","ff02::1a","ICMPv6","97","RPL Control (DODAG Information Object)"
"4796","99.890760","fe80::c30c:0:0:1","ff02::1a","ICMPv6","97","RPL Control (DODAG Information Object)"
"4797","99.895093","fe80::c30c:0:0:1","ff02::1a","ICMPv6","97","RPL Control (DODAG Information Object)"
"4798","99.899428","fe80::c30c:0:0:1","ff02::1a","ICMPv6","97","RPL Control (DODAG Information Object)"
"4799","99.903760","fe80::c30c:0:0:1","ff02::1a","ICMPv6","97","RPL Control (DODAG Information Object)"
"4800","99.908095","fe80::c30c:0:0:1","ff02::1a","ICMPv6","97","RPL Control (DODAG Information Object)"
"4801","99.912428","fe80::c30c:0:0:1","ff02::1a","ICMPv6","97","RPL Control (DODAG Information Object)"
"4802","99.916752","fe80::c30c:0:0:1","ff02::1a","ICMPv6","97","RPL Control (DODAG Information Object)"
"4803","102.864975","fe80::c30c:0:0:b","ff02::1a","ICMPv6","97","RPL Control (DODAG Information Object)"
"4804","102.869312","fe80::c30c:0:0:b","ff02::1a","ICMPv6","97","RPL Control (DODAG Information Object)"
"4805","102.873641","fe80::c30c:0:0:b","ff02::1a","ICMPv6","97","RPL Control (DODAG Information Object)"
"4806","102.877979","fe80::c30c:0:0:b","ff02::1a","ICMPv6","97","RPL Control (DODAG Information Object)"
"4807","102.882311","fe80::c30c:0:0:b","ff02::1a","ICMPv6","97","RPL Control (DODAG Information Object)"
"4808","102.886645","fe80::c30c:0:0:b","ff02::1a","ICMPv6","97","RPL Control (DODAG Information Object)"
"4809","102.890978","fe80::c30c:0:0:b","ff02::1a","ICMPv6","97","RPL Control (DODAG Information Object)"
"4810","102.895304","fe80::c30c:0:0:b","ff02::1a","ICMPv6","97","RPL Control (DODAG Information Object)"
"4811","102.899635","fe80::c30c:0:0:b","ff02::1a","ICMPv6","97","RPL Control (DODAG Information Object)"
"4812","102.903980","fe80::c30c:0:0:b","ff02::1a","ICMPv6","97","RPL Control (DODAG Information Object)"
"4813","102.908314","fe80::c30c:0:0:b","ff02::1a","ICMPv6","97","RPL Control (DODAG Information Object)"
"4814","102.912637","fe80::c30c:0:0:b","ff02::1a","ICMPv6","97","RPL Control (DODAG Information Object)"
"4815","102.916981","fe80::c30c:0:0:b","ff02::1a","ICMPv6","97","RPL Control (DODAG Information Object)"
"4816","102.921314","fe80::c30c:0:0:b","ff02::1a","ICMPv6","97","RPL Control (DODAG Information Object)"
"4817","102.925646","fe80::c30c:0:0:b","ff02::1a","ICMPv6","97","RPL Control (DODAG Information Object)"
"4818","102.929981","fe80::c30c:0:0:b","ff02::1a","ICMPv6","97","RPL Control (DODAG Information Object)"
"4819","102.934313","fe80::c30c:0:0:b","ff02::1a","ICMPv6","97","RPL Control (DODAG Information Object)"
"4820","102.938648","fe80::c30c:0:0:b","ff02::1a","ICMPv6","97","RPL Control (DODAG Information Object)"
"4821","102.942982","fe80::c30c:0:0:b","ff02::1a","ICMPv6","97","RPL Control (DODAG Information Object)"
"4822","102.947304","fe80::c30c:0:0:b","ff02::1a","ICMPv6","97","RPL Control (DODAG Information Object)"
"4823","102.951659","fe80::c30c:0:0:b","ff02::1a","ICMPv6","97","RPL Control (DODAG Information Object)"
"4824","102.955972","fe80::c30c:0:0:b","ff02::1a","ICMPv6","97","RPL Control (DODAG Information Object)"
"4825","102.960306","fe80::c30c:0:0:b","ff02::1a","ICMPv6","97","RPL Control (DODAG Information Object)"
"4826","102.964648","fe80::c30c:0:0:b","ff02::1a","ICMPv6","97","RPL Control (DODAG Information Object)"
"4827","102.968982","fe80::c30c:0:0:b","ff02::1a","ICMPv6","97","RPL Control (DODAG Information Object)"
"4828","102.973316","fe80::c30c:0:0:b","ff02::1a","ICMPv6","97","RPL Control (DODAG Information Object)"
"4829","102.977638","fe80::c30c:0:0:b","ff02::1a","ICMPv6","97","RPL Control (DODAG Information Object)"
"4830","102.981982","fe80::c30c:0:0:b","ff02::1a","ICMPv6","97","RPL Control (DODAG Information Object)"
"4831","102.986316","fe80::c30c:0:0:b","ff02::1a","ICMPv6","97","RPL Control (DODAG Information Object)"
"4832","102.990650","fe80::c30c:0:0:b","ff02::1a","ICMPv6","97","RPL Control (DODAG Information Object)"
"4833","104.181115","fe80::c30c:0:0:7","fe80::c30c:0:0:9","ICMPv6","102","RPL Control (DODAG Information Object)"
"4834","104.185251","fe80::c30c:0:0:7","fe80::c30c:0:0:9","ICMPv6","102","RPL Control (DODAG Information Object)"
"4835","104.189401","fe80::c30c:0:0:7","fe80::c30c:0:0:9","ICMPv6","102","RPL Control (DODAG Information Object)"
"4836","104.193551","fe80::c30c:0:0:7","fe80::c30c:0:0:9","ICMPv6","102","RPL Control (DODAG Information Object)"
"4837","104.197702","fe80::c30c:0:0:7","fe80::c30c:0:0:9","ICMPv6","102","RPL Control (DODAG Information Object)"
"4838","104.201852","fe80::c30c:0:0:7","fe80::c30c:0:0:9","ICMPv6","102","RPL Control (DODAG Information Object)"
"4839","104.206003","fe80::c30c:0:0:7","fe80::c30c:0:0:9","ICMPv6","102","RPL Control (DODAG Information Object)"
"4840","104.210152","fe80::c30c:0:0:7","fe80::c30c:0:0:9","ICMPv6","102","RPL Control (DODAG Information Object)"
"4841","104.213823","","","IEEE 802.15.4","5","Ack"
"4842","104.753543","fe80::c30c:0:0:3","ff02::1a","ICMPv6","97","RPL Control (DODAG Information Object)"
"4843","104.757879","fe80::c30c:0:0:3","ff02::1a","ICMPv6","97","RPL Control (DODAG Information Object)"
"4844","104.762203","fe80::c30c:0:0:3","ff02::1a","ICMPv6","97","RPL Control (DODAG Information Object)"
"4845","104.766546","fe80::c30c:0:0:3","ff02::1a","ICMPv6","97","RPL Control (DODAG Information Object)"
"4846","104.770870","fe80::c30c:0:0:3","ff02::1a","ICMPv6","97","RPL Control (DODAG Information Object)"
"4847","104.775204","fe80::c30c:0:0:3","ff02::1a","ICMPv6","97","RPL Control (DODAG Information Object)"
"4848","104.779536","fe80::c30c:0:0:3","ff02::1a","ICMPv6","97","RPL Control (DODAG Information Object)"
"4849","104.783881","fe80::c30c:0:0:3","ff02::1a","ICMPv6","97","RPL Control (DODAG Information Object)"
"4850","104.788203","fe80::c30c:0:0:3","ff02::1a","ICMPv6","97","RPL Control (DODAG Information Object)"
"4851","104.792547","fe80::c30c:0:0:3","ff02::1a","ICMPv6","97","RPL Control (DODAG Information Object)"
"4852","104.796880","fe80::c30c:0:0:3","ff02::1a","ICMPv6","97","RPL Control (DODAG Information Object)"
"4853","104.801205","fe80::c30c:0:0:3","ff02::1a","ICMPv6","97","RPL Control (DODAG Information Object)"
"4854","104.805537","fe80::c30c:0:0:3","ff02::1a","ICMPv6","97","RPL Control (DODAG Information Object)"
"4855","104.809881","fe80::c30c:0:0:3","ff02::1a","ICMPv6","97","RPL Control (DODAG Information Object)"
"4856","104.814215","fe80::c30c:0:0:3","ff02::1a","ICMPv6","97","RPL Control (DODAG Information Object)"
"4857","104.818549","fe80::c30c:0:0:3","ff02::1a","ICMPv6","97","RPL Control (DODAG Information Object)"
"4858","104.822871","fe80::c30c:0:0:3","ff02::1a","ICMPv6","97","RPL Control (DODAG Information Object)"
"4859","104.827215","fe80::c30c:0:0:3","ff02::1a","ICMPv6","97","RPL Control (DODAG Information Object)"
"4860","104.831548","fe80::c30c:0:0:3","ff02::1a","ICMPv6","97","RPL Control (DODAG Information Object)"
"4861","104.835871","fe80::c30c:0:0:3","ff02::1a","ICMPv6","97","RPL Control (DODAG Information Object)"
"4862","104.840228","fe80::c30c:0:0:3","ff02::1a","ICMPv6","97","RPL Control (DODAG Information Object)"
"4863","104.844540","fe80::c30c:0:0:3","ff02::1a","ICMPv6","97","RPL Control (DODAG Information Object)"
"4864","104.848883","fe80::c30c:0:0:3","ff02::1a","ICMPv6","97","RPL Control (DODAG Information Object)"
"4865","104.853217","fe80::c30c:0:0:3","ff02::1a","ICMPv6","97","RPL Control (DODAG Information Object)"
"4866","104.857549","fe80::c30c:0:0:3","ff02::1a","ICMPv6","97","RPL Control (DODAG Information Object)"
"4867","104.861884","fe80::c30c:0:0:3","ff02::1a","ICMPv6","97","RPL Control (DODAG Information Object)"
"4868","104.866206","fe80::c30c:0:0:3","ff02::1a","ICMPv6","97","RPL Control (DODAG Information Object)"
"4869","104.870550","fe80::c30c:0:0:3","ff02::1a","ICMPv6","97","RPL Control (DODAG Information Object)"
"4870","104.874883","fe80::c30c:0:0:3","ff02::1a","ICMPv6","97","RPL Control (DODAG Information Object)"
"4871","104.879218","fe80::c30c:0:0:3","ff02::1a","ICMPv6","97","RPL Control (DODAG Information Object)"
"4872","104.918015","fe80::c30c:0:0:4","fe80::c30c:0:0:1","ICMPv6","76","RPL Control (Destination Advertisement Object)"
"4873","104.921329","fe80::c30c:0:0:4","fe80::c30c:0:0:1","ICMPv6","76","RPL Control (Destination Advertisement Object)"
"4874","104.924655","fe80::c30c:0:0:4","fe80::c30c:0:0:1","ICMPv6","76","RPL Control (Destination Advertisement Object)"
"4875","104.927980","fe80::c30c:0:0:4","fe80::c30c:0:0:1","ICMPv6","76","RPL Control (Destination Advertisement Object)"
"4876","104.931308","fe80::c30c:0:0:4","fe80::c30c:0:0:1","ICMPv6","76","RPL Control (Destination Advertisement Object)"
"4877","104.934634","fe80::c30c:0:0:4","fe80::c30c:0:0:1","ICMPv6","76","RPL Control (Destination Advertisement Object)"
"4878","104.937960","fe80::c30c:0:0:4","fe80::c30c:0:0:1","ICMPv6","76","RPL Control (Destination Advertisement Object)"
"4879","104.941287","fe80::c30c:0:0:4","fe80::c30c:0:0:1","ICMPv6","76","RPL Control (Destination Advertisement Object)"
"4880","104.944614","fe80::c30c:0:0:4","fe80::c30c:0:0:1","ICMPv6","76","RPL Control (Destination Advertisement Object)"
"4881","104.947940","fe80::c30c:0:0:4","fe80::c30c:0:0:1","ICMPv6","76","RPL Control (Destination Advertisement Object)"
"4882","104.951265","fe80::c30c:0:0:4","fe80::c30c:0:0:1","ICMPv6","76","RPL Control (Destination Advertisement Object)"
"4883","104.954593","fe80::c30c:0:0:4","fe80::c30c:0:0:1","ICMPv6","76","RPL Control (Destination Advertisement Object)"
"4884","104.957919","fe80::c30c:0:0:4","fe80::c30c:0:0:1","ICMPv6","76","RPL Control (Destination Advertisement Object)"
"4885","104.961246","fe80::c30c:0:0:4","fe80::c30c:0:0:1","ICMPv6","76","RPL Control (Destination Advertisement Object)"
"4886","104.964573","fe80::c30c:0:0:4","fe80::c30c:0:0:1","ICMPv6","76","RPL Control (Destination Advertisement Object)"
"4887","104.967898","fe80::c30c:0:0:4","fe80::c30c:0:0:1","ICMPv6","76","RPL Control (Destination Advertisement Object)"
"4888","104.971224","fe80::c30c:0:0:4","fe80::c30c:0:0:1","ICMPv6","76","RPL Control (Destination Advertisement Object)"
"4889","104.974550","fe80::c30c:0:0:4","fe80::c30c:0:0:1","ICMPv6","76","RPL Control (Destination Advertisement Object)"
"4890","104.977878","fe80::c30c:0:0:4","fe80::c30c:0:0:1","ICMPv6","76","RPL Control (Destination Advertisement Object)"
"4891","104.981203","fe80::c30c:0:0:4","fe80::c30c:0:0:1","ICMPv6","76","RPL Control (Destination Advertisement Object)"
"4892","104.984543","fe80::c30c:0:0:4","fe80::c30c:0:0:1","ICMPv6","76","RPL Control (Destination Advertisement Object)"
"4893","104.987857","fe80::c30c:0:0:4","fe80::c30c:0:0:1","ICMPv6","76","RPL Control (Destination Advertisement Object)"
"4894","104.991184","fe80::c30c:0:0:4","fe80::c30c:0:0:1","ICMPv6","76","RPL Control (Destination Advertisement Object)"
"4895","104.994509","fe80::c30c:0:0:4","fe80::c30c:0:0:1","ICMPv6","76","RPL Control (Destination Advertisement Object)"
"4896","104.997835","fe80::c30c:0:0:4","fe80::c30c:0:0:1","ICMPv6","76","RPL Control (Destination Advertisement Object)"
"4897","105.001163","fe80::c30c:0:0:4","fe80::c30c:0:0:1","ICMPv6","76","RPL Control (Destination Advertisement Object)"
"4898","105.004489","fe80::c30c:0:0:4","fe80::c30c:0:0:1","ICMPv6","76","RPL Control (Destination Advertisement Object)"
"4899","105.007816","fe80::c30c:0:0:4","fe80::c30c:0:0:1","ICMPv6","76","RPL Control (Destination Advertisement Object)"
"4900","105.010657","","","IEEE 802.15.4","5","Ack"
"4901","105.705948","fe80::c30c:0:0:b","fe80::c30c:0:0:1","ICMPv6","76","RPL Control (Destination Advertisement Object)"
"4902","105.709261","fe80::c30c:0:0:b","fe80::c30c:0:0:1","ICMPv6","76","RPL Control (Destination Advertisement Object)"
"4903","105.712589","fe80::c30c:0:0:b","fe80::c30c:0:0:1","ICMPv6","76","RPL Control (Destination Advertisement Object)"
"4904","105.715915","fe80::c30c:0:0:b","fe80::c30c:0:0:1","ICMPv6","76","RPL Control (Destination Advertisement Object)"
"4905","105.719242","fe80::c30c:0:0:b","fe80::c30c:0:0:1","ICMPv6","76","RPL Control (Destination Advertisement Object)"
"4906","105.722567","fe80::c30c:0:0:b","fe80::c30c:0:0:1","ICMPv6","76","RPL Control (Destination Advertisement Object)"
"4907","105.725864","fe80::c30c:0:0:b","fe80::c30c:0:0:1","ICMPv6","76","RPL Control (Destination Advertisement Object)"
"4908","105.729190","fe80::c30c:0:0:b","fe80::c30c:0:0:1","ICMPv6","76","RPL Control (Destination Advertisement Object)"
"4909","105.732517","fe80::c30c:0:0:b","fe80::c30c:0:0:1","ICMPv6","76","RPL Control (Destination Advertisement Object)"
"4910","105.735842","fe80::c30c:0:0:b","fe80::c30c:0:0:1","ICMPv6","76","RPL Control (Destination Advertisement Object)"
"4911","105.739170","fe80::c30c:0:0:b","fe80::c30c:0:0:1","ICMPv6","76","RPL Control (Destination Advertisement Object)"
"4912","105.742496","fe80::c30c:0:0:b","fe80::c30c:0:0:1","ICMPv6","76","RPL Control (Destination Advertisement Object)"
"4913","105.745821","fe80::c30c:0:0:b","fe80::c30c:0:0:1","ICMPv6","76","RPL Control (Destination Advertisement Object)"
"4914","105.749149","fe80::c30c:0:0:b","fe80::c30c:0:0:1","ICMPv6","76","RPL Control (Destination Advertisement Object)"
"4915","105.752475","fe80::c30c:0:0:b","fe80::c30c:0:0:1","ICMPv6","76","RPL Control (Destination Advertisement Object)"
"4916","105.755801","fe80::c30c:0:0:b","fe80::c30c:0:0:1","ICMPv6","76","RPL Control (Destination Advertisement Object)"
"4917","105.759128","fe80::c30c:0:0:b","fe80::c30c:0:0:1","ICMPv6","76","RPL Control (Destination Advertisement Object)"
"4918","105.761969","","","IEEE 802.15.4","5","Ack"
"4919","105.790103","fe80::c30c:0:0:3","fe80::c30c:0:0:b","ICMPv6","76","RPL Control (Destination Advertisement Object)"
"4920","105.793415","fe80::c30c:0:0:3","fe80::c30c:0:0:b","ICMPv6","76","RPL Control (Destination Advertisement Object)"
"4921","105.796713","fe80::c30c:0:0:3","fe80::c30c:0:0:b","ICMPv6","76","RPL Control (Destination Advertisement Object)"
"4922","105.800038","fe80::c30c:0:0:3","fe80::c30c:0:0:b","ICMPv6","76","RPL Control (Destination Advertisement Object)"
"4923","105.803365","fe80::c30c:0:0:3","fe80::c30c:0:0:b","ICMPv6","76","RPL Control (Destination Advertisement Object)"
"4924","105.806692","fe80::c30c:0:0:3","fe80::c30c:0:0:b","ICMPv6","76","RPL Control (Destination Advertisement Object)"
"4925","105.810017","fe80::c30c:0:0:3","fe80::c30c:0:0:b","ICMPv6","76","RPL Control (Destination Advertisement Object)"
"4926","105.813345","fe80::c30c:0:0:3","fe80::c30c:0:0:b","ICMPv6","76","RPL Control (Destination Advertisement Object)"
"4927","105.816671","fe80::c30c:0:0:3","fe80::c30c:0:0:b","ICMPv6","76","RPL Control (Destination Advertisement Object)"
"4928","105.819512","","","IEEE 802.15.4","5","Ack"
"4929","105.854387","fe80::c30c:0:0:b","fe80::c30c:0:0:1","ICMPv6","76","RPL Control (Destination Advertisement Object)"
"4930","105.857700","fe80::c30c:0:0:b","fe80::c30c:0:0:1","ICMPv6","76","RPL Control (Destination Advertisement Object)"
"4931","105.861026","fe80::c30c:0:0:b","fe80::c30c:0:0:1","ICMPv6","76","RPL Control (Destination Advertisement Object)"
"4932","105.864351","fe80::c30c:0:0:b","fe80::c30c:0:0:1","ICMPv6","76","RPL Control (Destination Advertisement Object)"
"4933","105.867679","fe80::c30c:0:0:b","fe80::c30c:0:0:1","ICMPv6","76","RPL Control (Destination Advertisement Object)"
"4934","105.871006","fe80::c30c:0:0:b","fe80::c30c:0:0:1","ICMPv6","76","RPL Control (Destination Advertisement Object)"
"4935","105.874331","fe80::c30c:0:0:b","fe80::c30c:0:0:1","ICMPv6","76","RPL Control (Destination Advertisement Object)"
"4936","105.877658","fe80::c30c:0:0:b","fe80::c30c:0:0:1","ICMPv6","76","RPL Control (Destination Advertisement Object)"
"4937","105.880983","fe80::c30c:0:0:b","fe80::c30c:0:0:1","ICMPv6","76","RPL Control (Destination Advertisement Object)"
"4938","105.884280","fe80::c30c:0:0:b","fe80::c30c:0:0:1","ICMPv6","76","RPL Control (Destination Advertisement Object)"
"4939","105.887123","","","IEEE 802.15.4","5","Ack"
"4940","108.415152","fe80::c30c:0:0:2","fe80::c30c:0:0:b","ICMPv6","76","RPL Control (Destination Advertisement Object)"
"4941","108.418466","fe80::c30c:0:0:2","fe80::c30c:0:0:b","ICMPv6","76","RPL Control (Destination Advertisement Object)"
"4942","108.421793","fe80::c30c:0:0:2","fe80::c30c:0:0:b","ICMPv6","76","RPL Control (Destination Advertisement Object)"
"4943","108.425119","fe80::c30c:0:0:2","fe80::c30c:0:0:b","ICMPv6","76","RPL Control (Destination Advertisement Object)"
"4944","108.428445","fe80::c30c:0:0:2","fe80::c30c:0:0:b","ICMPv6","76","RPL Control (Destination Advertisement Object)"
"4945","108.431770","fe80::c30c:0:0:2","fe80::c30c:0:0:b","ICMPv6","76","RPL Control (Destination Advertisement Object)"
"4946","108.435097","fe80::c30c:0:0:2","fe80::c30c:0:0:b","ICMPv6","76","RPL Control (Destination Advertisement Object)"
"4947","108.438393","fe80::c30c:0:0:2","fe80::c30c:0:0:b","ICMPv6","76","RPL Control (Destination Advertisement Object)"
"4948","108.441720","fe80::c30c:0:0:2","fe80::c30c:0:0:b","ICMPv6","76","RPL Control (Destination Advertisement Object)"
"4949","108.444561","","","IEEE 802.15.4","5","Ack"
"4950","108.479112","fe80::c30c:0:0:b","fe80::c30c:0:0:1","ICMPv6","76","RPL Control (Destination Advertisement Object)"
"4951","108.482425","fe80::c30c:0:0:b","fe80::c30c:0:0:1","ICMPv6","76","RPL Control (Destination Advertisement Object)"
"4952","108.485752","fe80::c30c:0:0:b","fe80::c30c:0:0:1","ICMPv6","76","RPL Control (Destination Advertisement Object)"
"4953","108.489076","fe80::c30c:0:0:b","fe80::c30c:0:0:1","ICMPv6","76","RPL Control (Destination Advertisement Object)"
"4954","108.492404","fe80::c30c:0:0:b","fe80::c30c:0:0:1","ICMPv6","76","RPL Control (Destination Advertisement Object)"
"4955","108.495730","fe80::c30c:0:0:b","fe80::c30c:0:0:1","ICMPv6","76","RPL Control (Destination Advertisement Object)"
"4956","108.499057","fe80::c30c:0:0:b","fe80::c30c:0:0:1","ICMPv6","76","RPL Control (Destination Advertisement Object)"
"4957","108.502384","fe80::c30c:0:0:b","fe80::c30c:0:0:1","ICMPv6","76","RPL Control (Destination Advertisement Object)"
"4958","108.505710","fe80::c30c:0:0:b","fe80::c30c:0:0:1","ICMPv6","76","RPL Control (Destination Advertisement Object)"
"4959","108.509035","fe80::c30c:0:0:b","fe80::c30c:0:0:1","ICMPv6","76","RPL Control (Destination Advertisement Object)"
"4960","108.511876","","","IEEE 802.15.4","5","Ack"
"4961","108.573051","fe80::c30c:0:0:7","fe80::c30c:0:0:3","ICMPv6","76","RPL Control (Destination Advertisement Object)"
"4962","108.576365","fe80::c30c:0:0:7","fe80::c30c:0:0:3","ICMPv6","76","RPL Control (Destination Advertisement Object)"
"4963","108.579691","fe80::c30c:0:0:7","fe80::c30c:0:0:3","ICMPv6","76","RPL Control (Destination Advertisement Object)"
"4964","108.583016","fe80::c30c:0:0:7","fe80::c30c:0:0:3","ICMPv6","76","RPL Control (Destination Advertisement Object)"
"4965","108.586344","fe80::c30c:0:0:7","fe80::c30c:0:0:3","ICMPv6","76","RPL Control (Destination Advertisement Object)"
"4966","108.589670","fe80::c30c:0:0:7","fe80::c30c:0:0:3","ICMPv6","76","RPL Control (Destination Advertisement Object)"
"4967","108.592995","fe80::c30c:0:0:7","fe80::c30c:0:0:3","ICMPv6","76","RPL Control (Destination Advertisement Object)"
"4968","108.596292","fe80::c30c:0:0:7","fe80::c30c:0:0:3","ICMPv6","76","RPL Control (Destination Advertisement Object)"
"4969","108.599617","fe80::c30c:0:0:7","fe80::c30c:0:0:3","ICMPv6","76","RPL Control (Destination Advertisement Object)"
"4970","108.602945","fe80::c30c:0:0:7","fe80::c30c:0:0:3","ICMPv6","76","RPL Control (Destination Advertisement Object)"
"4971","108.606271","fe80::c30c:0:0:7","fe80::c30c:0:0:3","ICMPv6","76","RPL Control (Destination Advertisement Object)"
"4972","108.609597","fe80::c30c:0:0:7","fe80::c30c:0:0:3","ICMPv6","76","RPL Control (Destination Advertisement Object)"
"4973","108.612925","fe80::c30c:0:0:7","fe80::c30c:0:0:3","ICMPv6","76","RPL Control (Destination Advertisement Object)"
"4974","108.616250","fe80::c30c:0:0:7","fe80::c30c:0:0:3","ICMPv6","76","RPL Control (Destination Advertisement Object)"
"4975","108.619576","fe80::c30c:0:0:7","fe80::c30c:0:0:3","ICMPv6","76","RPL Control (Destination Advertisement Object)"
"4976","108.622904","fe80::c30c:0:0:7","fe80::c30c:0:0:3","ICMPv6","76","RPL Control (Destination Advertisement Object)"
"4977","108.626230","fe80::c30c:0:0:7","fe80::c30c:0:0:3","ICMPv6","76","RPL Control (Destination Advertisement Object)"
"4978","108.629555","fe80::c30c:0:0:7","fe80::c30c:0:0:3","ICMPv6","76","RPL Control (Destination Advertisement Object)"
"4979","108.632883","fe80::c30c:0:0:7","fe80::c30c:0:0:3","ICMPv6","76","RPL Control (Destination Advertisement Object)"
"4980","108.636208","fe80::c30c:0:0:7","fe80::c30c:0:0:3","ICMPv6","76","RPL Control (Destination Advertisement Object)"
"4981","108.639543","fe80::c30c:0:0:7","fe80::c30c:0:0:3","ICMPv6","76","RPL Control (Destination Advertisement Object)"
"4982","108.642862","fe80::c30c:0:0:7","fe80::c30c:0:0:3","ICMPv6","76","RPL Control (Destination Advertisement Object)"
"4983","108.646189","fe80::c30c:0:0:7","fe80::c30c:0:0:3","ICMPv6","76","RPL Control (Destination Advertisement Object)"
"4984","108.649514","fe80::c30c:0:0:7","fe80::c30c:0:0:3","ICMPv6","76","RPL Control (Destination Advertisement Object)"
"4985","108.652356","","","IEEE 802.15.4","5","Ack"
"4986","108.686824","fe80::c30c:0:0:3","fe80::c30c:0:0:b","ICMPv6","76","RPL Control (Destination Advertisement Object)"
"4987","108.690146","fe80::c30c:0:0:3","fe80::c30c:0:0:b","ICMPv6","76","RPL Control (Destination Advertisement Object)"
"4988","108.693470","fe80::c30c:0:0:3","fe80::c30c:0:0:b","ICMPv6","76","RPL Control (Destination Advertisement Object)"
"4989","108.696311","","","IEEE 802.15.4","5","Ack"
"4990","108.730751","fe80::c30c:0:0:b","fe80::c30c:0:0:1","ICMPv6","76","RPL Control (Destination Advertisement Object)"
"4991","108.734072","fe80::c30c:0:0:b","fe80::c30c:0:0:1","ICMPv6","76","RPL Control (Destination Advertisement Object)"
"4992","108.737400","fe80::c30c:0:0:b","fe80::c30c:0:0:1","ICMPv6","76","RPL Control (Destination Advertisement Object)"
"4993","108.740769","fe80::c30c:0:0:b","fe80::c30c:0:0:1","ICMPv6","76","RPL Control (Destination Advertisement Object)"
"4994","108.744081","fe80::c30c:0:0:b","fe80::c30c:0:0:1","ICMPv6","76","RPL Control (Destination Advertisement Object)"
"4995","108.747378","fe80::c30c:0:0:b","fe80::c30c:0:0:1","ICMPv6","76","RPL Control (Destination Advertisement Object)"
"4996","108.750705","fe80::c30c:0:0:b","fe80::c30c:0:0:1","ICMPv6","76","RPL Control (Destination Advertisement Object)"
"4997","108.754030","fe80::c30c:0:0:b","fe80::c30c:0:0:1","ICMPv6","76","RPL Control (Destination Advertisement Object)"
"4998","108.757327","fe80::c30c:0:0:b","fe80::c30c:0:0:1","ICMPv6","76","RPL Control (Destination Advertisement Object)"
"4999","108.760168","","","IEEE 802.15.4","5","Ack"
"5000","111.223267","fe80::c30c:0:0:2","ff02::1a","ICMPv6","97","RPL Control (DODAG Information Object)"
"5001","111.227584","fe80::c30c:0:0:2","ff02::1a","ICMPv6","97","RPL Control (DODAG Information Object)"
"5002","111.231923","fe80::c30c:0:0:2","ff02::1a","ICMPv6","97","RPL Control (DODAG Information Object)"
"5003","111.236340","fe80::c30c:0:0:2","ff02::1a","ICMPv6","97","RPL Control (DODAG Information Object)"
"5004","111.240656","fe80::c30c:0:0:2","ff02::1a","ICMPv6","97","RPL Control (DODAG Information Object)"
"5005","111.244989","fe80::c30c:0:0:2","ff02::1a","ICMPv6","97","RPL Control (DODAG Information Object)"
"5006","111.249312","fe80::c30c:0:0:2","ff02::1a","ICMPv6","97","RPL Control (DODAG Information Object)"
"5007","111.253655","fe80::c30c:0:0:2","ff02::1a","ICMPv6","97","RPL Control (DODAG Information Object)"
"5008","111.257990","fe80::c30c:0:0:2","ff02::1a","ICMPv6","97","RPL Control (DODAG Information Object)"
"5009","111.262312","fe80::c30c:0:0:2","ff02::1a","ICMPv6","97","RPL Control (DODAG Information Object)"
"5010","111.266625","fe80::c30c:0:0:2","ff02::1a","ICMPv6","97","RPL Control (DODAG Information Object)"
"5011","111.270955","fe80::c30c:0:0:2","ff02::1a","ICMPv6","97","RPL Control (DODAG Information Object)"
"5012","111.275293","fe80::c30c:0:0:2","ff02::1a","ICMPv6","97","RPL Control (DODAG Information Object)"
"5013","111.279626","fe80::c30c:0:0:2","ff02::1a","ICMPv6","97","RPL Control (DODAG Information Object)"
"5014","111.283959","fe80::c30c:0:0:2","ff02::1a","ICMPv6","97","RPL Control (DODAG Information Object)"
"5015","111.288292","fe80::c30c:0:0:2","ff02::1a","ICMPv6","97","RPL Control (DODAG Information Object)"
"5016","111.292618","fe80::c30c:0:0:2","ff02::1a","ICMPv6","97","RPL Control (DODAG Information Object)"
"5017","111.296949","fe80::c30c:0:0:2","ff02::1a","ICMPv6","97","RPL Control (DODAG Information Object)"
"5018","111.301294","fe80::c30c:0:0:2","ff02::1a","ICMPv6","97","RPL Control (DODAG Information Object)"
"5019","111.305628","fe80::c30c:0:0:2","ff02::1a","ICMPv6","97","RPL Control (DODAG Information Object)"
"5020","111.309958","fe80::c30c:0:0:2","ff02::1a","ICMPv6","97","RPL Control (DODAG Information Object)"
"5021","111.314295","fe80::c30c:0:0:2","ff02::1a","ICMPv6","97","RPL Control (DODAG Information Object)"
"5022","111.318628","fe80::c30c:0:0:2","ff02::1a","ICMPv6","97","RPL Control (DODAG Information Object)"
"5023","111.322960","fe80::c30c:0:0:2","ff02::1a","ICMPv6","97","RPL Control (DODAG Information Object)"
"5024","111.327295","fe80::c30c:0:0:2","ff02::1a","ICMPv6","97","RPL Control (DODAG Information Object)"
"5025","111.331627","fe80::c30c:0:0:2","ff02::1a","ICMPv6","97","RPL Control (DODAG Information Object)"
"5026","111.335962","fe80::c30c:0:0:2","ff02::1a","ICMPv6","97","RPL Control (DODAG Information Object)"
"5027","111.340294","fe80::c30c:0:0:2","ff02::1a","ICMPv6","97","RPL Control (DODAG Information Object)"
"5028","111.344618","fe80::c30c:0:0:2","ff02::1a","ICMPv6","97","RPL Control (DODAG Information Object)"
"5029","111.348952","fe80::c30c:0:0:2","ff02::1a","ICMPv6","97","RPL Control (DODAG Information Object)"
"5030","116.651682","fe80::c30c:0:0:6","ff02::1a","ICMPv6","97","RPL Control (DODAG Information Object)"
"5031","116.656009","fe80::c30c:0:0:6","ff02::1a","ICMPv6","97","RPL Control (DODAG Information Object)"
"5032","116.660333","fe80::c30c:0:0:6","ff02::1a","ICMPv6","97","RPL Control (DODAG Information Object)"
"5033","116.664676","fe80::c30c:0:0:6","ff02::1a","ICMPv6","97","RPL Control (DODAG Information Object)"
"5034","116.669009","fe80::c30c:0:0:6","ff02::1a","ICMPv6","97","RPL Control (DODAG Information Object)"
"5035","116.673344","fe80::c30c:0:0:6","ff02::1a","ICMPv6","97","RPL Control (DODAG Information Object)"
"5036","116.677668","fe80::c30c:0:0:6","ff02::1a","ICMPv6","97","RPL Control (DODAG Information Object)"
"5037","116.681999","fe80::c30c:0:0:6","ff02::1a","ICMPv6","97","RPL Control (DODAG Information Object)"
"5038","116.686344","fe80::c30c:0:0:6","ff02::1a","ICMPv6","97","RPL Control (DODAG Information Object)"
"5039","116.690678","fe80::c30c:0:0:6","ff02::1a","ICMPv6","97","RPL Control (DODAG Information Object)"
"5040","116.695002","fe80::c30c:0:0:6","ff02::1a","ICMPv6","97","RPL Control (DODAG Information Object)"
"5041","116.699356","fe80::c30c:0:0:6","ff02::1a","ICMPv6","97","RPL Control (DODAG Information Object)"
"5042","116.703678","fe80::c30c:0:0:6","ff02::1a","ICMPv6","97","RPL Control (DODAG Information Object)"
"5043","116.708001","fe80::c30c:0:0:6","ff02::1a","ICMPv6","97","RPL Control (DODAG Information Object)"
"5044","116.712344","fe80::c30c:0:0:6","ff02::1a","ICMPv6","97","RPL Control (DODAG Information Object)"
"5045","116.716678","fe80::c30c:0:0:6","ff02::1a","ICMPv6","97","RPL Control (DODAG Information Object)"
"5046","116.721012","fe80::c30c:0:0:6","ff02::1a","ICMPv6","97","RPL Control (DODAG Information Object)"
"5047","116.725334","fe80::c30c:0:0:6","ff02::1a","ICMPv6","97","RPL Control (DODAG Information Object)"
"5048","116.729678","fe80::c30c:0:0:6","ff02::1a","ICMPv6","97","RPL Control (DODAG Information Object)"
"5049","116.734012","fe80::c30c:0:0:6","ff02::1a","ICMPv6","97","RPL Control (DODAG Information Object)"
"5050","116.738346","fe80::c30c:0:0:6","ff02::1a","ICMPv6","97","RPL Control (DODAG Information Object)"
"5051","116.742670","fe80::c30c:0:0:6","ff02::1a","ICMPv6","97","RPL Control (DODAG Information Object)"
"5052","116.747044","fe80::c30c:0:0:6","ff02::1a","ICMPv6","97","RPL Control (DODAG Information Object)"
"5053","116.751376","fe80::c30c:0:0:6","ff02::1a","ICMPv6","97","RPL Control (DODAG Information Object)"
"5054","116.755700","fe80::c30c:0:0:6","ff02::1a","ICMPv6","97","RPL Control (DODAG Information Object)"
"5055","116.760043","fe80::c30c:0:0:6","ff02::1a","ICMPv6","97","RPL Control (DODAG Information Object)"
"5056","116.764366","fe80::c30c:0:0:6","ff02::1a","ICMPv6","97","RPL Control (DODAG Information Object)"
"5057","116.768711","fe80::c30c:0:0:6","ff02::1a","ICMPv6","97","RPL Control (DODAG Information Object)"
"5058","116.773045","fe80::c30c:0:0:6","ff02::1a","ICMPv6","97","RPL Control (DODAG Information Object)"
"5059","116.777377","fe80::c30c:0:0:6","ff02::1a","ICMPv6","97","RPL Control (DODAG Information Object)"
"5060","117.631752","fe80::c30c:0:0:5","ff02::1a","ICMPv6","97","RPL Control (DODAG Information Object)"
"5061","117.636089","fe80::c30c:0:0:5","ff02::1a","ICMPv6","97","RPL Control (DODAG Information Object)"
"5062","117.640420","fe80::c30c:0:0:5","ff02::1a","ICMPv6","97","RPL Control (DODAG Information Object)"
"5063","117.644756","fe80::c30c:0:0:5","ff02::1a","ICMPv6","97","RPL Control (DODAG Information Object)"
"5064","117.649089","fe80::c30c:0:0:5","ff02::1a","ICMPv6","97","RPL Control (DODAG Information Object)"
"5065","117.653424","fe80::c30c:0:0:5","ff02::1a","ICMPv6","97","RPL Control (DODAG Information Object)"
"5066","117.657757","fe80::c30c:0:0:5","ff02::1a","ICMPv6","97","RPL Control (DODAG Information Object)"
"5067","117.662089","fe80::c30c:0:0:5","ff02::1a","ICMPv6","97","RPL Control (DODAG Information Object)"
"5068","117.666423","fe80::c30c:0:0:5","ff02::1a","ICMPv6","97","RPL Control (DODAG Information Object)"
"5069","117.670748","fe80::c30c:0:0:5","ff02::1a","ICMPv6","97","RPL Control (DODAG Information Object)"
"5070","117.675091","fe80::c30c:0:0:5","ff02::1a","ICMPv6","97","RPL Control (DODAG Information Object)"
"5071","117.679431","fe80::c30c:0:0:5","ff02::1a","ICMPv6","97","RPL Control (DODAG Information Object)"
"5072","117.683748","fe80::c30c:0:0:5","ff02::1a","ICMPv6","97","RPL Control (DODAG Information Object)"
"5073","117.688091","fe80::c30c:0:0:5","ff02::1a","ICMPv6","97","RPL Control (DODAG Information Object)"
"5074","117.692425","fe80::c30c:0:0:5","ff02::1a","ICMPv6","97","RPL Control (DODAG Information Object)"
"5075","117.696759","fe80::c30c:0:0:5","ff02::1a","ICMPv6","97","RPL Control (DODAG Information Object)"
"5076","117.701091","fe80::c30c:0:0:5","ff02::1a","ICMPv6","97","RPL Control (DODAG Information Object)"
"5077","117.705426","fe80::c30c:0:0:5","ff02::1a","ICMPv6","97","RPL Control (DODAG Information Object)"
"5078","117.709758","fe80::c30c:0:0:5","ff02::1a","ICMPv6","97","RPL Control (DODAG Information Object)"
"5079","117.714093","fe80::c30c:0:0:5","ff02::1a","ICMPv6","97","RPL Control (DODAG Information Object)"
"5080","117.718415","fe80::c30c:0:0:5","ff02::1a","ICMPv6","97","RPL Control (DODAG Information Object)"
"5081","117.722748","fe80::c30c:0:0:5","ff02::1a","ICMPv6","97","RPL Control (DODAG Information Object)"
"5082","117.727124","fe80::c30c:0:0:5","ff02::1a","ICMPv6","97","RPL Control (DODAG Information Object)"
"5083","117.731446","fe80::c30c:0:0:5","ff02::1a","ICMPv6","97","RPL Control (DODAG Information Object)"
"5084","117.735779","fe80::c30c:0:0:5","ff02::1a","ICMPv6","97","RPL Control (DODAG Information Object)"
"5085","117.740123","fe80::c30c:0:0:5","ff02::1a","ICMPv6","97","RPL Control (DODAG Information Object)"
"5086","117.744457","fe80::c30c:0:0:5","ff02::1a","ICMPv6","97","RPL Control (DODAG Information Object)"
"5087","117.748791","fe80::c30c:0:0:5","ff02::1a","ICMPv6","97","RPL Control (DODAG Information Object)"
"5088","117.753125","fe80::c30c:0:0:5","ff02::1a","ICMPv6","97","RPL Control (DODAG Information Object)"
"5089","117.757458","fe80::c30c:0:0:5","ff02::1a","ICMPv6","97","RPL Control (DODAG Information Object)"
"5090","119.100976","fe80::c30c:0:0:4","ff02::1a","ICMPv6","97","RPL Control (DODAG Information Object)"
"5091","119.105304","fe80::c30c:0:0:4","ff02::1a","ICMPv6","97","RPL Control (DODAG Information Object)"
"5092","119.109630","fe80::c30c:0:0:4","ff02::1a","ICMPv6","97","RPL Control (DODAG Information Object)"
"5093","119.113971","fe80::c30c:0:0:4","ff02::1a","ICMPv6","97","RPL Control (DODAG Information Object)"
"5094","119.118305","fe80::c30c:0:0:4","ff02::1a","ICMPv6","97","RPL Control (DODAG Information Object)"
"5095","119.122637","fe80::c30c:0:0:4","ff02::1a","ICMPv6","97","RPL Control (DODAG Information Object)"
"5096","119.126972","fe80::c30c:0:0:4","ff02::1a","ICMPv6","97","RPL Control (DODAG Information Object)"
"5097","119.131304","fe80::c30c:0:0:4","ff02::1a","ICMPv6","97","RPL Control (DODAG Information Object)"
"5098","119.135638","fe80::c30c:0:0:4","ff02::1a","ICMPv6","97","RPL Control (DODAG Information Object)"
"5099","119.139961","fe80::c30c:0:0:4","ff02::1a","ICMPv6","97","RPL Control (DODAG Information Object)"
"5100","119.144306","fe80::c30c:0:0:4","ff02::1a","ICMPv6","97","RPL Control (DODAG Information Object)"
"5101","119.148629","fe80::c30c:0:0:4","ff02::1a","ICMPv6","97","RPL Control (DODAG Information Object)"
"5102","119.152973","fe80::c30c:0:0:4","ff02::1a","ICMPv6","97","RPL Control (DODAG Information Object)"
"5103","119.157297","fe80::c30c:0:0:4","ff02::1a","ICMPv6","97","RPL Control (DODAG Information Object)"
"5104","119.161640","fe80::c30c:0:0:4","ff02::1a","ICMPv6","97","RPL Control (DODAG Information Object)"
"5105","119.165973","fe80::c30c:0:0:4","ff02::1a","ICMPv6","97","RPL Control (DODAG Information Object)"
"5106","119.170307","fe80::c30c:0:0:4","ff02::1a","ICMPv6","97","RPL Control (DODAG Information Object)"
"5107","119.174639","fe80::c30c:0:0:4","ff02::1a","ICMPv6","97","RPL Control (DODAG Information Object)"
"5108","119.178973","fe80::c30c:0:0:4","ff02::1a","ICMPv6","97","RPL Control (DODAG Information Object)"
"5109","119.183298","fe80::c30c:0:0:4","ff02::1a","ICMPv6","97","RPL Control (DODAG Information Object)"
"5110","119.187672","fe80::c30c:0:0:4","ff02::1a","ICMPv6","97","RPL Control (DODAG Information Object)"
"5111","119.192004","fe80::c30c:0:0:4","ff02::1a","ICMPv6","97","RPL Control (DODAG Information Object)"
"5112","119.196339","fe80::c30c:0:0:4","ff02::1a","ICMPv6","97","RPL Control (DODAG Information Object)"
"5113","119.200672","fe80::c30c:0:0:4","ff02::1a","ICMPv6","97","RPL Control (DODAG Information Object)"
"5114","119.204994","fe80::c30c:0:0:4","ff02::1a","ICMPv6","97","RPL Control (DODAG Information Object)"
"5115","119.209339","fe80::c30c:0:0:4","ff02::1a","ICMPv6","97","RPL Control (DODAG Information Object)"
"5116","119.213672","fe80::c30c:0:0:4","ff02::1a","ICMPv6","97","RPL Control (DODAG Information Object)"
"5117","119.218005","fe80::c30c:0:0:4","ff02::1a","ICMPv6","97","RPL Control (DODAG Information Object)"
"5118","119.222339","fe80::c30c:0:0:4","ff02::1a","ICMPv6","97","RPL Control (DODAG Information Object)"
"5119","119.226662","fe80::c30c:0:0:4","ff02::1a","ICMPv6","97","RPL Control (DODAG Information Object)"
"5120","122.183084","fe80::c30c:0:0:5","fe80::c30c:0:0:4","ICMPv6","76","RPL Control (Destination Advertisement Object)"
"5121","122.186397","fe80::c30c:0:0:5","fe80::c30c:0:0:4","ICMPv6","76","RPL Control (Destination Advertisement Object)"
"5122","122.189724","fe80::c30c:0:0:5","fe80::c30c:0:0:4","ICMPv6","76","RPL Control (Destination Advertisement Object)"
"5123","122.193050","fe80::c30c:0:0:5","fe80::c30c:0:0:4","ICMPv6","76","RPL Control (Destination Advertisement Object)"
"5124","122.196376","fe80::c30c:0:0:5","fe80::c30c:0:0:4","ICMPv6","76","RPL Control (Destination Advertisement Object)"
"5125","122.199701","fe80::c30c:0:0:5","fe80::c30c:0:0:4","ICMPv6","76","RPL Control (Destination Advertisement Object)"
"5126","122.202999","fe80::c30c:0:0:5","fe80::c30c:0:0:4","ICMPv6","76","RPL Control (Destination Advertisement Object)"
"5127","122.206325","fe80::c30c:0:0:5","fe80::c30c:0:0:4","ICMPv6","76","RPL Control (Destination Advertisement Object)"
"5128","122.209650","fe80::c30c:0:0:5","fe80::c30c:0:0:4","ICMPv6","76","RPL Control (Destination Advertisement Object)"
"5129","122.212946","fe80::c30c:0:0:5","fe80::c30c:0:0:4","ICMPv6","76","RPL Control (Destination Advertisement Object)"
"5130","122.216274","fe80::c30c:0:0:5","fe80::c30c:0:0:4","ICMPv6","76","RPL Control (Destination Advertisement Object)"
"5131","122.219599","fe80::c30c:0:0:5","fe80::c30c:0:0:4","ICMPv6","76","RPL Control (Destination Advertisement Object)"
"5132","122.222927","fe80::c30c:0:0:5","fe80::c30c:0:0:4","ICMPv6","76","RPL Control (Destination Advertisement Object)"
"5133","122.226296","fe80::c30c:0:0:5","fe80::c30c:0:0:4","ICMPv6","76","RPL Control (Destination Advertisement Object)"
"5134","122.229138","","","IEEE 802.15.4","5","Ack"
"5135","122.262650","fe80::c30c:0:0:4","fe80::c30c:0:0:1","ICMPv6","76","RPL Control (Destination Advertisement Object)"
"5136","122.265963","fe80::c30c:0:0:4","fe80::c30c:0:0:1","ICMPv6","76","RPL Control (Destination Advertisement Object)"
"5137","122.269259","fe80::c30c:0:0:4","fe80::c30c:0:0:1","ICMPv6","76","RPL Control (Destination Advertisement Object)"
"5138","122.272556","fe80::c30c:0:0:4","fe80::c30c:0:0:1","ICMPv6","76","RPL Control (Destination Advertisement Object)"
"5139","122.275881","fe80::c30c:0:0:4","fe80::c30c:0:0:1","ICMPv6","76","RPL Control (Destination Advertisement Object)"
"5140","122.279177","fe80::c30c:0:0:4","fe80::c30c:0:0:1","ICMPv6","76","RPL Control (Destination Advertisement Object)"
"5141","122.282505","fe80::c30c:0:0:4","fe80::c30c:0:0:1","ICMPv6","76","RPL Control (Destination Advertisement Object)"
"5142","122.285831","fe80::c30c:0:0:4","fe80::c30c:0:0:1","ICMPv6","76","RPL Control (Destination Advertisement Object)"
"5143","122.289157","fe80::c30c:0:0:4","fe80::c30c:0:0:1","ICMPv6","76","RPL Control (Destination Advertisement Object)"
"5144","122.292484","fe80::c30c:0:0:4","fe80::c30c:0:0:1","ICMPv6","76","RPL Control (Destination Advertisement Object)"
"5145","122.295809","fe80::c30c:0:0:4","fe80::c30c:0:0:1","ICMPv6","76","RPL Control (Destination Advertisement Object)"
"5146","122.299106","fe80::c30c:0:0:4","fe80::c30c:0:0:1","ICMPv6","76","RPL Control (Destination Advertisement Object)"
"5147","122.302432","fe80::c30c:0:0:4","fe80::c30c:0:0:1","ICMPv6","76","RPL Control (Destination Advertisement Object)"
"5148","122.305758","fe80::c30c:0:0:4","fe80::c30c:0:0:1","ICMPv6","76","RPL Control (Destination Advertisement Object)"
"5149","122.309054","fe80::c30c:0:0:4","fe80::c30c:0:0:1","ICMPv6","76","RPL Control (Destination Advertisement Object)"
"5150","122.312351","fe80::c30c:0:0:4","fe80::c30c:0:0:1","ICMPv6","76","RPL Control (Destination Advertisement Object)"
"5151","122.315676","fe80::c30c:0:0:4","fe80::c30c:0:0:1","ICMPv6","76","RPL Control (Destination Advertisement Object)"
"5152","122.319004","fe80::c30c:0:0:4","fe80::c30c:0:0:1","ICMPv6","76","RPL Control (Destination Advertisement Object)"
"5153","122.322328","fe80::c30c:0:0:4","fe80::c30c:0:0:1","ICMPv6","76","RPL Control (Destination Advertisement Object)"
"5154","122.325626","fe80::c30c:0:0:4","fe80::c30c:0:0:1","ICMPv6","76","RPL Control (Destination Advertisement Object)"
"5155","122.328952","fe80::c30c:0:0:4","fe80::c30c:0:0:1","ICMPv6","76","RPL Control (Destination Advertisement Object)"
"5156","122.332277","fe80::c30c:0:0:4","fe80::c30c:0:0:1","ICMPv6","76","RPL Control (Destination Advertisement Object)"
"5157","122.335574","fe80::c30c:0:0:4","fe80::c30c:0:0:1","ICMPv6","76","RPL Control (Destination Advertisement Object)"
"5158","122.338901","fe80::c30c:0:0:4","fe80::c30c:0:0:1","ICMPv6","76","RPL Control (Destination Advertisement Object)"
"5159","122.342226","fe80::c30c:0:0:4","fe80::c30c:0:0:1","ICMPv6","76","RPL Control (Destination Advertisement Object)"
"5160","122.345523","fe80::c30c:0:0:4","fe80::c30c:0:0:1","ICMPv6","76","RPL Control (Destination Advertisement Object)"
"5161","122.348848","fe80::c30c:0:0:4","fe80::c30c:0:0:1","ICMPv6","76","RPL Control (Destination Advertisement Object)"
"5162","122.352207","fe80::c30c:0:0:4","fe80::c30c:0:0:1","ICMPv6","76","RPL Control (Destination Advertisement Object)"
"5163","122.355533","fe80::c30c:0:0:4","fe80::c30c:0:0:1","ICMPv6","76","RPL Control (Destination Advertisement Object)"
"5164","122.358858","fe80::c30c:0:0:4","fe80::c30c:0:0:1","ICMPv6","76","RPL Control (Destination Advertisement Object)"
"5165","122.362186","fe80::c30c:0:0:4","fe80::c30c:0:0:1","ICMPv6","76","RPL Control (Destination Advertisement Object)"
"5166","122.365512","fe80::c30c:0:0:4","fe80::c30c:0:0:1","ICMPv6","76","RPL Control (Destination Advertisement Object)"
"5167","122.368839","fe80::c30c:0:0:4","fe80::c30c:0:0:1","ICMPv6","76","RPL Control (Destination Advertisement Object)"
"5168","122.372163","fe80::c30c:0:0:4","fe80::c30c:0:0:1","ICMPv6","76","RPL Control (Destination Advertisement Object)"
"5169","122.375460","fe80::c30c:0:0:4","fe80::c30c:0:0:1","ICMPv6","76","RPL Control (Destination Advertisement Object)"
"5170","122.378756","fe80::c30c:0:0:4","fe80::c30c:0:0:1","ICMPv6","76","RPL Control (Destination Advertisement Object)"
"5171","122.382083","fe80::c30c:0:0:4","fe80::c30c:0:0:1","ICMPv6","76","RPL Control (Destination Advertisement Object)"
"5172","122.385408","fe80::c30c:0:0:4","fe80::c30c:0:0:1","ICMPv6","76","RPL Control (Destination Advertisement Object)"
"5173","122.388249","","","IEEE 802.15.4","5","Ack"
"5174","126.624663","fe80::c30c:0:0:a","fe80::c30c:0:0:8","ICMPv6","102","RPL Control (DODAG Information Object)"
"5175","126.628810","fe80::c30c:0:0:a","fe80::c30c:0:0:8","ICMPv6","102","RPL Control (DODAG Information Object)"
"5176","126.632960","fe80::c30c:0:0:a","fe80::c30c:0:0:8","ICMPv6","102","RPL Control (DODAG Information Object)"
"5177","126.637110","fe80::c30c:0:0:a","fe80::c30c:0:0:8","ICMPv6","102","RPL Control (DODAG Information Object)"
"5178","126.641260","fe80::c30c:0:0:a","fe80::c30c:0:0:8","ICMPv6","102","RPL Control (DODAG Information Object)"
"5179","126.645411","fe80::c30c:0:0:a","fe80::c30c:0:0:8","ICMPv6","102","RPL Control (DODAG Information Object)"
"5180","126.649562","fe80::c30c:0:0:a","fe80::c30c:0:0:8","ICMPv6","102","RPL Control (DODAG Information Object)"
"5181","126.653711","fe80::c30c:0:0:a","fe80::c30c:0:0:8","ICMPv6","102","RPL Control (DODAG Information Object)"
"5182","126.657862","fe80::c30c:0:0:a","fe80::c30c:0:0:8","ICMPv6","102","RPL Control (DODAG Information Object)"
"5183","126.662012","fe80::c30c:0:0:a","fe80::c30c:0:0:8","ICMPv6","102","RPL Control (DODAG Information Object)"
"5184","126.666163","fe80::c30c:0:0:a","fe80::c30c:0:0:8","ICMPv6","102","RPL Control (DODAG Information Object)"
"5185","126.670314","fe80::c30c:0:0:a","fe80::c30c:0:0:8","ICMPv6","102","RPL Control (DODAG Information Object)"
"5186","126.674464","fe80::c30c:0:0:a","fe80::c30c:0:0:8","ICMPv6","102","RPL Control (DODAG Information Object)"
"5187","126.678615","fe80::c30c:0:0:a","fe80::c30c:0:0:8","ICMPv6","102","RPL Control (DODAG Information Object)"
"5188","126.682765","fe80::c30c:0:0:a","fe80::c30c:0:0:8","ICMPv6","102","RPL Control (DODAG Information Object)"
"5189","126.686915","fe80::c30c:0:0:a","fe80::c30c:0:0:8","ICMPv6","102","RPL Control (DODAG Information Object)"
"5190","126.691065","fe80::c30c:0:0:a","fe80::c30c:0:0:8","ICMPv6","102","RPL Control (DODAG Information Object)"
"5191","126.695216","fe80::c30c:0:0:a","fe80::c30c:0:0:8","ICMPv6","102","RPL Control (DODAG Information Object)"
"5192","126.699367","fe80::c30c:0:0:a","fe80::c30c:0:0:8","ICMPv6","102","RPL Control (DODAG Information Object)"
"5193","126.703039","","","IEEE 802.15.4","5","Ack"
"5194","131.696969","fe80::c30c:0:0:5","fe80::c30c:0:0:4","ICMPv6","102","RPL Control (DODAG Information Object)"
"5195","131.701106","fe80::c30c:0:0:5","fe80::c30c:0:0:4","ICMPv6","102","RPL Control (DODAG Information Object)"
"5196","131.705256","fe80::c30c:0:0:5","fe80::c30c:0:0:4","ICMPv6","102","RPL Control (DODAG Information Object)"
"5197","131.709406","fe80::c30c:0:0:5","fe80::c30c:0:0:4","ICMPv6","102","RPL Control (DODAG Information Object)"
"5198","131.713557","fe80::c30c:0:0:5","fe80::c30c:0:0:4","ICMPv6","102","RPL Control (DODAG Information Object)"
"5199","131.717707","fe80::c30c:0:0:5","fe80::c30c:0:0:4","ICMPv6","102","RPL Control (DODAG Information Object)"
"5200","131.721858","fe80::c30c:0:0:5","fe80::c30c:0:0:4","ICMPv6","102","RPL Control (DODAG Information Object)"
"5201","131.726009","fe80::c30c:0:0:5","fe80::c30c:0:0:4","ICMPv6","102","RPL Control (DODAG Information Object)"
"5202","131.729680","","","IEEE 802.15.4","5","Ack"
"5203","132.568411","fe80::c30c:0:0:7","ff02::1a","ICMPv6","97","RPL Control (DODAG Information Object)"
"5204","132.572748","fe80::c30c:0:0:7","ff02::1a","ICMPv6","97","RPL Control (DODAG Information Object)"
"5205","132.577072","fe80::c30c:0:0:7","ff02::1a","ICMPv6","97","RPL Control (DODAG Information Object)"
"5206","132.581415","fe80::c30c:0:0:7","ff02::1a","ICMPv6","97","RPL Control (DODAG Information Object)"
"5207","132.585748","fe80::c30c:0:0:7","ff02::1a","ICMPv6","97","RPL Control (DODAG Information Object)"
"5208","132.590083","fe80::c30c:0:0:7","ff02::1a","ICMPv6","97","RPL Control (DODAG Information Object)"
"5209","132.594407","fe80::c30c:0:0:7","ff02::1a","ICMPv6","97","RPL Control (DODAG Information Object)"
"5210","132.598738","fe80::c30c:0:0:7","ff02::1a","ICMPv6","97","RPL Control (DODAG Information Object)"
"5211","132.603083","fe80::c30c:0:0:7","ff02::1a","ICMPv6","97","RPL Control (DODAG Information Object)"
"5212","132.607417","fe80::c30c:0:0:7","ff02::1a","ICMPv6","97","RPL Control (DODAG Information Object)"
"5213","132.611741","fe80::c30c:0:0:7","ff02::1a","ICMPv6","97","RPL Control (DODAG Information Object)"
"5214","132.616095","fe80::c30c:0:0:7","ff02::1a","ICMPv6","97","RPL Control (DODAG Information Object)"
"5215","132.620417","fe80::c30c:0:0:7","ff02::1a","ICMPv6","97","RPL Control (DODAG Information Object)"
"5216","132.624740","fe80::c30c:0:0:7","ff02::1a","ICMPv6","97","RPL Control (DODAG Information Object)"
"5217","132.629083","fe80::c30c:0:0:7","ff02::1a","ICMPv6","97","RPL Control (DODAG Information Object)"
"5218","132.633417","fe80::c30c:0:0:7","ff02::1a","ICMPv6","97","RPL Control (DODAG Information Object)"
"5219","132.637751","fe80::c30c:0:0:7","ff02::1a","ICMPv6","97","RPL Control (DODAG Information Object)"
"5220","132.642085","fe80::c30c:0:0:7","ff02::1a","ICMPv6","97","RPL Control (DODAG Information Object)"
"5221","132.646408","fe80::c30c:0:0:7","ff02::1a","ICMPv6","97","RPL Control (DODAG Information Object)"
"5222","132.650742","fe80::c30c:0:0:7","ff02::1a","ICMPv6","97","RPL Control (DODAG Information Object)"
"5223","132.655085","fe80::c30c:0:0:7","ff02::1a","ICMPv6","97","RPL Control (DODAG Information Object)"
"5224","132.659418","fe80::c30c:0:0:7","ff02::1a","ICMPv6","97","RPL Control (DODAG Information Object)"
"5225","132.663772","fe80::c30c:0:0:7","ff02::1a","ICMPv6","97","RPL Control (DODAG Information Object)"
"5226","132.668115","fe80::c30c:0:0:7","ff02::1a","ICMPv6","97","RPL Control (DODAG Information Object)"
"5227","132.672449","fe80::c30c:0:0:7","ff02::1a","ICMPv6","97","RPL Control (DODAG Information Object)"
"5228","132.676783","fe80::c30c:0:0:7","ff02::1a","ICMPv6","97","RPL Control (DODAG Information Object)"
"5229","132.681116","fe80::c30c:0:0:7","ff02::1a","ICMPv6","97","RPL Control (DODAG Information Object)"
"5230","132.685450","fe80::c30c:0:0:7","ff02::1a","ICMPv6","97","RPL Control (DODAG Information Object)"
"5231","132.689784","fe80::c30c:0:0:7","ff02::1a","ICMPv6","97","RPL Control (DODAG Information Object)"
"5232","132.694108","fe80::c30c:0:0:7","ff02::1a","ICMPv6","97","RPL Control (DODAG Information Object)"
"5233","133.437827","fe80::c30c:0:0:8","fe80::c30c:0:0:a","ICMPv6","102","RPL Control (DODAG Information Object)"
"5234","133.441974","fe80::c30c:0:0:8","fe80::c30c:0:0:a","ICMPv6","102","RPL Control (DODAG Information Object)"
"5235","133.446124","fe80::c30c:0:0:8","fe80::c30c:0:0:a","ICMPv6","102","RPL Control (DODAG Information Object)"
"5236","133.450275","fe80::c30c:0:0:8","fe80::c30c:0:0:a","ICMPv6","102","RPL Control (DODAG Information Object)"
"5237","133.454424","fe80::c30c:0:0:8","fe80::c30c:0:0:a","ICMPv6","102","RPL Control (DODAG Information Object)"
"5238","133.458575","fe80::c30c:0:0:8","fe80::c30c:0:0:a","ICMPv6","102","RPL Control (DODAG Information Object)"
"5239","133.462725","fe80::c30c:0:0:8","fe80::c30c:0:0:a","ICMPv6","102","RPL Control (DODAG Information Object)"
"5240","133.466876","fe80::c30c:0:0:8","fe80::c30c:0:0:a","ICMPv6","102","RPL Control (DODAG Information Object)"
"5241","133.471027","fe80::c30c:0:0:8","fe80::c30c:0:0:a","ICMPv6","102","RPL Control (DODAG Information Object)"
"5242","133.475176","fe80::c30c:0:0:8","fe80::c30c:0:0:a","ICMPv6","102","RPL Control (DODAG Information Object)"
"5243","133.479327","fe80::c30c:0:0:8","fe80::c30c:0:0:a","ICMPv6","102","RPL Control (DODAG Information Object)"
"5244","133.483476","fe80::c30c:0:0:8","fe80::c30c:0:0:a","ICMPv6","102","RPL Control (DODAG Information Object)"
"5245","133.487627","fe80::c30c:0:0:8","fe80::c30c:0:0:a","ICMPv6","102","RPL Control (DODAG Information Object)"
"5246","133.491777","fe80::c30c:0:0:8","fe80::c30c:0:0:a","ICMPv6","102","RPL Control (DODAG Information Object)"
"5247","133.495928","fe80::c30c:0:0:8","fe80::c30c:0:0:a","ICMPv6","102","RPL Control (DODAG Information Object)"
"5248","133.500079","fe80::c30c:0:0:8","fe80::c30c:0:0:a","ICMPv6","102","RPL Control (DODAG Information Object)"
"5249","133.504229","fe80::c30c:0:0:8","fe80::c30c:0:0:a","ICMPv6","102","RPL Control (DODAG Information Object)"
"5250","133.508379","fe80::c30c:0:0:8","fe80::c30c:0:0:a","ICMPv6","102","RPL Control (DODAG Information Object)"
"5251","133.512530","fe80::c30c:0:0:8","fe80::c30c:0:0:a","ICMPv6","102","RPL Control (DODAG Information Object)"
"5252","133.516679","fe80::c30c:0:0:8","fe80::c30c:0:0:a","ICMPv6","102","RPL Control (DODAG Information Object)"
"5253","133.520831","fe80::c30c:0:0:8","fe80::c30c:0:0:a","ICMPv6","102","RPL Control (DODAG Information Object)"
"5254","133.524981","fe80::c30c:0:0:8","fe80::c30c:0:0:a","ICMPv6","102","RPL Control (DODAG Information Object)"
"5255","133.529133","fe80::c30c:0:0:8","fe80::c30c:0:0:a","ICMPv6","102","RPL Control (DODAG Information Object)"
"5256","133.533281","fe80::c30c:0:0:8","fe80::c30c:0:0:a","ICMPv6","102","RPL Control (DODAG Information Object)"
"5257","133.537432","fe80::c30c:0:0:8","fe80::c30c:0:0:a","ICMPv6","102","RPL Control (DODAG Information Object)"
"5258","133.541584","fe80::c30c:0:0:8","fe80::c30c:0:0:a","ICMPv6","102","RPL Control (DODAG Information Object)"
"5259","133.545733","fe80::c30c:0:0:8","fe80::c30c:0:0:a","ICMPv6","102","RPL Control (DODAG Information Object)"
"5260","133.549884","fe80::c30c:0:0:8","fe80::c30c:0:0:a","ICMPv6","102","RPL Control (DODAG Information Object)"
"5261","133.554034","fe80::c30c:0:0:8","fe80::c30c:0:0:a","ICMPv6","102","RPL Control (DODAG Information Object)"
"5262","133.558185","fe80::c30c:0:0:8","fe80::c30c:0:0:a","ICMPv6","102","RPL Control (DODAG Information Object)"
"5263","133.561857","","","IEEE 802.15.4","5","Ack"
"5264","135.328187","fe80::c30c:0:0:6","fe80::c30c:0:0:7","ICMPv6","76","RPL Control (Destination Advertisement Object)"
"5265","135.331500","fe80::c30c:0:0:6","fe80::c30c:0:0:7","ICMPv6","76","RPL Control (Destination Advertisement Object)"
"5266","135.334826","fe80::c30c:0:0:6","fe80::c30c:0:0:7","ICMPv6","76","RPL Control (Destination Advertisement Object)"
"5267","135.338153","fe80::c30c:0:0:6","fe80::c30c:0:0:7","ICMPv6","76","RPL Control (Destination Advertisement Object)"
"5268","135.341479","fe80::c30c:0:0:6","fe80::c30c:0:0:7","ICMPv6","76","RPL Control (Destination Advertisement Object)"
"5269","135.344775","fe80::c30c:0:0:6","fe80::c30c:0:0:7","ICMPv6","76","RPL Control (Destination Advertisement Object)"
"5270","135.348102","fe80::c30c:0:0:6","fe80::c30c:0:0:7","ICMPv6","76","RPL Control (Destination Advertisement Object)"
"5271","135.351428","fe80::c30c:0:0:6","fe80::c30c:0:0:7","ICMPv6","76","RPL Control (Destination Advertisement Object)"
"5272","135.354755","fe80::c30c:0:0:6","fe80::c30c:0:0:7","ICMPv6","76","RPL Control (Destination Advertisement Object)"
"5273","135.358080","fe80::c30c:0:0:6","fe80::c30c:0:0:7","ICMPv6","76","RPL Control (Destination Advertisement Object)"
"5274","135.361408","fe80::c30c:0:0:6","fe80::c30c:0:0:7","ICMPv6","76","RPL Control (Destination Advertisement Object)"
"5275","135.364734","fe80::c30c:0:0:6","fe80::c30c:0:0:7","ICMPv6","76","RPL Control (Destination Advertisement Object)"
"5276","135.368059","fe80::c30c:0:0:6","fe80::c30c:0:0:7","ICMPv6","76","RPL Control (Destination Advertisement Object)"
"5277","135.371356","fe80::c30c:0:0:6","fe80::c30c:0:0:7","ICMPv6","76","RPL Control (Destination Advertisement Object)"
"5278","135.374682","fe80::c30c:0:0:6","fe80::c30c:0:0:7","ICMPv6","76","RPL Control (Destination Advertisement Object)"
"5279","135.378009","fe80::c30c:0:0:6","fe80::c30c:0:0:7","ICMPv6","76","RPL Control (Destination Advertisement Object)"
"5280","135.381335","fe80::c30c:0:0:6","fe80::c30c:0:0:7","ICMPv6","76","RPL Control (Destination Advertisement Object)"
"5281","135.384632","fe80::c30c:0:0:6","fe80::c30c:0:0:7","ICMPv6","76","RPL Control (Destination Advertisement Object)"
"5282","135.387958","fe80::c30c:0:0:6","fe80::c30c:0:0:7","ICMPv6","76","RPL Control (Destination Advertisement Object)"
"5283","135.391284","fe80::c30c:0:0:6","fe80::c30c:0:0:7","ICMPv6","76","RPL Control (Destination Advertisement Object)"
"5284","135.394649","fe80::c30c:0:0:6","fe80::c30c:0:0:7","ICMPv6","76","RPL Control (Destination Advertisement Object)"
"5285","135.397968","fe80::c30c:0:0:6","fe80::c30c:0:0:7","ICMPv6","76","RPL Control (Destination Advertisement Object)"
"5286","135.401293","fe80::c30c:0:0:6","fe80::c30c:0:0:7","ICMPv6","76","RPL Control (Destination Advertisement Object)"
"5287","135.404620","fe80::c30c:0:0:6","fe80::c30c:0:0:7","ICMPv6","76","RPL Control (Destination Advertisement Object)"
"5288","135.407461","","","IEEE 802.15.4","5","Ack"
"5289","135.442161","fe80::c30c:0:0:7","fe80::c30c:0:0:3","ICMPv6","76","RPL Control (Destination Advertisement Object)"
"5290","135.445474","fe80::c30c:0:0:7","fe80::c30c:0:0:3","ICMPv6","76","RPL Control (Destination Advertisement Object)"
"5291","135.448770","fe80::c30c:0:0:7","fe80::c30c:0:0:3","ICMPv6","76","RPL Control (Destination Advertisement Object)"
"5292","135.452074","fe80::c30c:0:0:7","fe80::c30c:0:0:3","ICMPv6","76","RPL Control (Destination Advertisement Object)"
"5293","135.455392","fe80::c30c:0:0:7","fe80::c30c:0:0:3","ICMPv6","76","RPL Control (Destination Advertisement Object)"
"5294","135.458688","fe80::c30c:0:0:7","fe80::c30c:0:0:3","ICMPv6","76","RPL Control (Destination Advertisement Object)"
"5295","135.462013","fe80::c30c:0:0:7","fe80::c30c:0:0:3","ICMPv6","76","RPL Control (Destination Advertisement Object)"
"5296","135.465340","fe80::c30c:0:0:7","fe80::c30c:0:0:3","ICMPv6","76","RPL Control (Destination Advertisement Object)"
"5297","135.468638","fe80::c30c:0:0:7","fe80::c30c:0:0:3","ICMPv6","76","RPL Control (Destination Advertisement Object)"
"5298","135.471962","fe80::c30c:0:0:7","fe80::c30c:0:0:3","ICMPv6","76","RPL Control (Destination Advertisement Object)"
"5299","135.475260","fe80::c30c:0:0:7","fe80::c30c:0:0:3","ICMPv6","76","RPL Control (Destination Advertisement Object)"
"5300","135.478586","fe80::c30c:0:0:7","fe80::c30c:0:0:3","ICMPv6","76","RPL Control (Destination Advertisement Object)"
"5301","135.481911","fe80::c30c:0:0:7","fe80::c30c:0:0:3","ICMPv6","76","RPL Control (Destination Advertisement Object)"
"5302","135.485239","fe80::c30c:0:0:7","fe80::c30c:0:0:3","ICMPv6","76","RPL Control (Destination Advertisement Object)"
"5303","135.488565","fe80::c30c:0:0:7","fe80::c30c:0:0:3","ICMPv6","76","RPL Control (Destination Advertisement Object)"
"5304","135.491891","fe80::c30c:0:0:7","fe80::c30c:0:0:3","ICMPv6","76","RPL Control (Destination Advertisement Object)"
"5305","135.495218","fe80::c30c:0:0:7","fe80::c30c:0:0:3","ICMPv6","76","RPL Control (Destination Advertisement Object)"
"5306","135.498545","fe80::c30c:0:0:7","fe80::c30c:0:0:3","ICMPv6","76","RPL Control (Destination Advertisement Object)"
"5307","135.501870","fe80::c30c:0:0:7","fe80::c30c:0:0:3","ICMPv6","76","RPL Control (Destination Advertisement Object)"
"5308","135.505198","fe80::c30c:0:0:7","fe80::c30c:0:0:3","ICMPv6","76","RPL Control (Destination Advertisement Object)"
"5309","135.508524","fe80::c30c:0:0:7","fe80::c30c:0:0:3","ICMPv6","76","RPL Control (Destination Advertisement Object)"
"5310","135.511849","fe80::c30c:0:0:7","fe80::c30c:0:0:3","ICMPv6","76","RPL Control (Destination Advertisement Object)"
"5311","135.515175","fe80::c30c:0:0:7","fe80::c30c:0:0:3","ICMPv6","76","RPL Control (Destination Advertisement Object)"
"5312","135.518503","fe80::c30c:0:0:7","fe80::c30c:0:0:3","ICMPv6","76","RPL Control (Destination Advertisement Object)"
"5313","135.521829","fe80::c30c:0:0:7","fe80::c30c:0:0:3","ICMPv6","76","RPL Control (Destination Advertisement Object)"
"5314","135.525156","fe80::c30c:0:0:7","fe80::c30c:0:0:3","ICMPv6","76","RPL Control (Destination Advertisement Object)"
"5315","135.528001","","","IEEE 802.15.4","5","Ack"
"5316","135.562228","fe80::c30c:0:0:3","fe80::c30c:0:0:b","ICMPv6","76","RPL Control (Destination Advertisement Object)"
"5317","135.565541","fe80::c30c:0:0:3","fe80::c30c:0:0:b","ICMPv6","76","RPL Control (Destination Advertisement Object)"
"5318","135.568869","fe80::c30c:0:0:3","fe80::c30c:0:0:b","ICMPv6","76","RPL Control (Destination Advertisement Object)"
"5319","135.571710","","","IEEE 802.15.4","5","Ack"
"5320","135.606339","fe80::c30c:0:0:b","fe80::c30c:0:0:1","ICMPv6","76","RPL Control (Destination Advertisement Object)"
"5321","135.609653","fe80::c30c:0:0:b","fe80::c30c:0:0:1","ICMPv6","76","RPL Control (Destination Advertisement Object)"
"5322","135.612978","fe80::c30c:0:0:b","fe80::c30c:0:0:1","ICMPv6","76","RPL Control (Destination Advertisement Object)"
"5323","135.616305","fe80::c30c:0:0:b","fe80::c30c:0:0:1","ICMPv6","76","RPL Control (Destination Advertisement Object)"
"5324","135.619632","fe80::c30c:0:0:b","fe80::c30c:0:0:1","ICMPv6","76","RPL Control (Destination Advertisement Object)"
"5325","135.622957","fe80::c30c:0:0:b","fe80::c30c:0:0:1","ICMPv6","76","RPL Control (Destination Advertisement Object)"
"5326","135.626285","fe80::c30c:0:0:b","fe80::c30c:0:0:1","ICMPv6","76","RPL Control (Destination Advertisement Object)"
"5327","135.629611","fe80::c30c:0:0:b","fe80::c30c:0:0:1","ICMPv6","76","RPL Control (Destination Advertisement Object)"
"5328","135.632938","fe80::c30c:0:0:b","fe80::c30c:0:0:1","ICMPv6","76","RPL Control (Destination Advertisement Object)"
"5329","135.635779","","","IEEE 802.15.4","5","Ack"
"5330","136.516670","fe80::c30c:0:0:a","fe80::c30c:0:0:8","ICMPv6","76","RPL Control (Destination Advertisement Object)"
"5331","136.519984","fe80::c30c:0:0:a","fe80::c30c:0:0:8","ICMPv6","76","RPL Control (Destination Advertisement Object)"
"5332","136.523310","fe80::c30c:0:0:a","fe80::c30c:0:0:8","ICMPv6","76","RPL Control (Destination Advertisement Object)"
"5333","136.526637","fe80::c30c:0:0:a","fe80::c30c:0:0:8","ICMPv6","76","RPL Control (Destination Advertisement Object)"
"5334","136.529964","fe80::c30c:0:0:a","fe80::c30c:0:0:8","ICMPv6","76","RPL Control (Destination Advertisement Object)"
"5335","136.533288","fe80::c30c:0:0:a","fe80::c30c:0:0:8","ICMPv6","76","RPL Control (Destination Advertisement Object)"
"5336","136.536585","fe80::c30c:0:0:a","fe80::c30c:0:0:8","ICMPv6","76","RPL Control (Destination Advertisement Object)"
"5337","136.539911","fe80::c30c:0:0:a","fe80::c30c:0:0:8","ICMPv6","76","RPL Control (Destination Advertisement Object)"
"5338","136.543239","fe80::c30c:0:0:a","fe80::c30c:0:0:8","ICMPv6","76","RPL Control (Destination Advertisement Object)"
"5339","136.546565","fe80::c30c:0:0:a","fe80::c30c:0:0:8","ICMPv6","76","RPL Control (Destination Advertisement Object)"
"5340","136.549890","fe80::c30c:0:0:a","fe80::c30c:0:0:8","ICMPv6","76","RPL Control (Destination Advertisement Object)"
"5341","136.553218","fe80::c30c:0:0:a","fe80::c30c:0:0:8","ICMPv6","76","RPL Control (Destination Advertisement Object)"
"5342","136.556622","fe80::c30c:0:0:a","fe80::c30c:0:0:8","ICMPv6","76","RPL Control (Destination Advertisement Object)"
"5343","136.559932","fe80::c30c:0:0:a","fe80::c30c:0:0:8","ICMPv6","76","RPL Control (Destination Advertisement Object)"
"5344","136.563258","fe80::c30c:0:0:a","fe80::c30c:0:0:8","ICMPv6","76","RPL Control (Destination Advertisement Object)"
"5345","136.566583","fe80::c30c:0:0:a","fe80::c30c:0:0:8","ICMPv6","76","RPL Control (Destination Advertisement Object)"
"5346","136.569881","fe80::c30c:0:0:a","fe80::c30c:0:0:8","ICMPv6","76","RPL Control (Destination Advertisement Object)"
"5347","136.573207","fe80::c30c:0:0:a","fe80::c30c:0:0:8","ICMPv6","76","RPL Control (Destination Advertisement Object)"
"5348","136.576048","","","IEEE 802.15.4","5","Ack"
"5349","136.609620","fe80::c30c:0:0:8","fe80::c30c:0:0:9","ICMPv6","76","RPL Control (Destination Advertisement Object)"
"5350","136.612933","fe80::c30c:0:0:8","fe80::c30c:0:0:9","ICMPv6","76","RPL Control (Destination Advertisement Object)"
"5351","136.616259","fe80::c30c:0:0:8","fe80::c30c:0:0:9","ICMPv6","76","RPL Control (Destination Advertisement Object)"
"5352","136.619587","fe80::c30c:0:0:8","fe80::c30c:0:0:9","ICMPv6","76","RPL Control (Destination Advertisement Object)"
"5353","136.622911","fe80::c30c:0:0:8","fe80::c30c:0:0:9","ICMPv6","76","RPL Control (Destination Advertisement Object)"
"5354","136.626208","fe80::c30c:0:0:8","fe80::c30c:0:0:9","ICMPv6","76","RPL Control (Destination Advertisement Object)"
"5355","136.629534","fe80::c30c:0:0:8","fe80::c30c:0:0:9","ICMPv6","76","RPL Control (Destination Advertisement Object)"
"5356","136.632861","fe80::c30c:0:0:8","fe80::c30c:0:0:9","ICMPv6","76","RPL Control (Destination Advertisement Object)"
"5357","136.636188","fe80::c30c:0:0:8","fe80::c30c:0:0:9","ICMPv6","76","RPL Control (Destination Advertisement Object)"
"5358","136.639515","fe80::c30c:0:0:8","fe80::c30c:0:0:9","ICMPv6","76","RPL Control (Destination Advertisement Object)"
"5359","136.642839","fe80::c30c:0:0:8","fe80::c30c:0:0:9","ICMPv6","76","RPL Control (Destination Advertisement Object)"
"5360","136.646135","fe80::c30c:0:0:8","fe80::c30c:0:0:9","ICMPv6","76","RPL Control (Destination Advertisement Object)"
"5361","136.649463","fe80::c30c:0:0:8","fe80::c30c:0:0:9","ICMPv6","76","RPL Control (Destination Advertisement Object)"
"5362","136.652789","fe80::c30c:0:0:8","fe80::c30c:0:0:9","ICMPv6","76","RPL Control (Destination Advertisement Object)"
"5363","136.656116","fe80::c30c:0:0:8","fe80::c30c:0:0:9","ICMPv6","76","RPL Control (Destination Advertisement Object)"
"5364","136.659442","fe80::c30c:0:0:8","fe80::c30c:0:0:9","ICMPv6","76","RPL Control (Destination Advertisement Object)"
"5365","136.662768","fe80::c30c:0:0:8","fe80::c30c:0:0:9","ICMPv6","76","RPL Control (Destination Advertisement Object)"
"5366","136.666094","fe80::c30c:0:0:8","fe80::c30c:0:0:9","ICMPv6","76","RPL Control (Destination Advertisement Object)"
"5367","136.669391","fe80::c30c:0:0:8","fe80::c30c:0:0:9","ICMPv6","76","RPL Control (Destination Advertisement Object)"
"5368","136.672718","fe80::c30c:0:0:8","fe80::c30c:0:0:9","ICMPv6","76","RPL Control (Destination Advertisement Object)"
"5369","136.676042","fe80::c30c:0:0:8","fe80::c30c:0:0:9","ICMPv6","76","RPL Control (Destination Advertisement Object)"
"5370","136.679340","fe80::c30c:0:0:8","fe80::c30c:0:0:9","ICMPv6","76","RPL Control (Destination Advertisement Object)"
"5371","136.682666","fe80::c30c:0:0:8","fe80::c30c:0:0:9","ICMPv6","76","RPL Control (Destination Advertisement Object)"
"5372","136.685992","fe80::c30c:0:0:8","fe80::c30c:0:0:9","ICMPv6","76","RPL Control (Destination Advertisement Object)"
"5373","136.689317","fe80::c30c:0:0:8","fe80::c30c:0:0:9","ICMPv6","76","RPL Control (Destination Advertisement Object)"
"5374","136.692645","fe80::c30c:0:0:8","fe80::c30c:0:0:9","ICMPv6","76","RPL Control (Destination Advertisement Object)"
"5375","136.695971","fe80::c30c:0:0:8","fe80::c30c:0:0:9","ICMPv6","76","RPL Control (Destination Advertisement Object)"
"5376","136.699298","fe80::c30c:0:0:8","fe80::c30c:0:0:9","ICMPv6","76","RPL Control (Destination Advertisement Object)"
"5377","136.702624","fe80::c30c:0:0:8","fe80::c30c:0:0:9","ICMPv6","76","RPL Control (Destination Advertisement Object)"
"5378","136.705950","fe80::c30c:0:0:8","fe80::c30c:0:0:9","ICMPv6","76","RPL Control (Destination Advertisement Object)"
"5379","136.709278","fe80::c30c:0:0:8","fe80::c30c:0:0:9","ICMPv6","76","RPL Control (Destination Advertisement Object)"
"5380","136.712119","","","IEEE 802.15.4","5","Ack"
"5381","136.746724","fe80::c30c:0:0:9","fe80::c30c:0:0:7","ICMPv6","76","RPL Control (Destination Advertisement Object)"
"5382","136.750044","fe80::c30c:0:0:9","fe80::c30c:0:0:7","ICMPv6","76","RPL Control (Destination Advertisement Object)"
"5383","136.753372","fe80::c30c:0:0:9","fe80::c30c:0:0:7","ICMPv6","76","RPL Control (Destination Advertisement Object)"
"5384","136.756698","fe80::c30c:0:0:9","fe80::c30c:0:0:7","ICMPv6","76","RPL Control (Destination Advertisement Object)"
"5385","136.760024","fe80::c30c:0:0:9","fe80::c30c:0:0:7","ICMPv6","76","RPL Control (Destination Advertisement Object)"
"5386","136.763350","fe80::c30c:0:0:9","fe80::c30c:0:0:7","ICMPv6","76","RPL Control (Destination Advertisement Object)"
"5387","136.766676","fe80::c30c:0:0:9","fe80::c30c:0:0:7","ICMPv6","76","RPL Control (Destination Advertisement Object)"
"5388","136.770004","fe80::c30c:0:0:9","fe80::c30c:0:0:7","ICMPv6","76","RPL Control (Destination Advertisement Object)"
"5389","136.773330","fe80::c30c:0:0:9","fe80::c30c:0:0:7","ICMPv6","76","RPL Control (Destination Advertisement Object)"
"5390","136.776657","fe80::c30c:0:0:9","fe80::c30c:0:0:7","ICMPv6","76","RPL Control (Destination Advertisement Object)"
"5391","136.779982","fe80::c30c:0:0:9","fe80::c30c:0:0:7","ICMPv6","76","RPL Control (Destination Advertisement Object)"
"5392","136.782822","","","IEEE 802.15.4","5","Ack"
"5393","136.816581","fe80::c30c:0:0:7","fe80::c30c:0:0:3","ICMPv6","76","RPL Control (Destination Advertisement Object)"
"5394","136.819895","fe80::c30c:0:0:7","fe80::c30c:0:0:3","ICMPv6","76","RPL Control (Destination Advertisement Object)"
"5395","136.823220","fe80::c30c:0:0:7","fe80::c30c:0:0:3","ICMPv6","76","RPL Control (Destination Advertisement Object)"
"5396","136.826517","fe80::c30c:0:0:7","fe80::c30c:0:0:3","ICMPv6","76","RPL Control (Destination Advertisement Object)"
"5397","136.829844","fe80::c30c:0:0:7","fe80::c30c:0:0:3","ICMPv6","76","RPL Control (Destination Advertisement Object)"
"5398","136.833170","fe80::c30c:0:0:7","fe80::c30c:0:0:3","ICMPv6","76","RPL Control (Destination Advertisement Object)"
"5399","136.836496","fe80::c30c:0:0:7","fe80::c30c:0:0:3","ICMPv6","76","RPL Control (Destination Advertisement Object)"
"5400","136.839821","fe80::c30c:0:0:7","fe80::c30c:0:0:3","ICMPv6","76","RPL Control (Destination Advertisement Object)"
"5401","136.843148","fe80::c30c:0:0:7","fe80::c30c:0:0:3","ICMPv6","76","RPL Control (Destination Advertisement Object)"
"5402","136.846444","fe80::c30c:0:0:7","fe80::c30c:0:0:3","ICMPv6","76","RPL Control (Destination Advertisement Object)"
"5403","136.849772","fe80::c30c:0:0:7","fe80::c30c:0:0:3","ICMPv6","76","RPL Control (Destination Advertisement Object)"
"5404","136.853098","fe80::c30c:0:0:7","fe80::c30c:0:0:3","ICMPv6","76","RPL Control (Destination Advertisement Object)"
"5405","136.856424","fe80::c30c:0:0:7","fe80::c30c:0:0:3","ICMPv6","76","RPL Control (Destination Advertisement Object)"
"5406","136.859751","fe80::c30c:0:0:7","fe80::c30c:0:0:3","ICMPv6","76","RPL Control (Destination Advertisement Object)"
"5407","136.863075","fe80::c30c:0:0:7","fe80::c30c:0:0:3","ICMPv6","76","RPL Control (Destination Advertisement Object)"
"5408","136.866372","fe80::c30c:0:0:7","fe80::c30c:0:0:3","ICMPv6","76","RPL Control (Destination Advertisement Object)"
"5409","136.869698","fe80::c30c:0:0:7","fe80::c30c:0:0:3","ICMPv6","76","RPL Control (Destination Advertisement Object)"
"5410","136.873026","fe80::c30c:0:0:7","fe80::c30c:0:0:3","ICMPv6","76","RPL Control (Destination Advertisement Object)"
"5411","136.876352","fe80::c30c:0:0:7","fe80::c30c:0:0:3","ICMPv6","76","RPL Control (Destination Advertisement Object)"
"5412","136.879678","fe80::c30c:0:0:7","fe80::c30c:0:0:3","ICMPv6","76","RPL Control (Destination Advertisement Object)"
"5413","136.883005","fe80::c30c:0:0:7","fe80::c30c:0:0:3","ICMPv6","76","RPL Control (Destination Advertisement Object)"
"5414","136.886330","fe80::c30c:0:0:7","fe80::c30c:0:0:3","ICMPv6","76","RPL Control (Destination Advertisement Object)"
"5415","136.889626","fe80::c30c:0:0:7","fe80::c30c:0:0:3","ICMPv6","76","RPL Control (Destination Advertisement Object)"
"5416","136.892922","fe80::c30c:0:0:7","fe80::c30c:0:0:3","ICMPv6","76","RPL Control (Destination Advertisement Object)"
"5417","136.896250","fe80::c30c:0:0:7","fe80::c30c:0:0:3","ICMPv6","76","RPL Control (Destination Advertisement Object)"
"5418","136.899575","fe80::c30c:0:0:7","fe80::c30c:0:0:3","ICMPv6","76","RPL Control (Destination Advertisement Object)"
"5419","136.902417","","","IEEE 802.15.4","5","Ack"
"5420","136.936885","fe80::c30c:0:0:3","fe80::c30c:0:0:b","ICMPv6","76","RPL Control (Destination Advertisement Object)"
"5421","136.940207","fe80::c30c:0:0:3","fe80::c30c:0:0:b","ICMPv6","76","RPL Control (Destination Advertisement Object)"
"5422","136.943533","fe80::c30c:0:0:3","fe80::c30c:0:0:b","ICMPv6","76","RPL Control (Destination Advertisement Object)"
"5423","136.946374","","","IEEE 802.15.4","5","Ack"
"5424","136.980812","fe80::c30c:0:0:b","fe80::c30c:0:0:1","ICMPv6","76","RPL Control (Destination Advertisement Object)"
"5425","136.984134","fe80::c30c:0:0:b","fe80::c30c:0:0:1","ICMPv6","76","RPL Control (Destination Advertisement Object)"
"5426","136.987461","fe80::c30c:0:0:b","fe80::c30c:0:0:1","ICMPv6","76","RPL Control (Destination Advertisement Object)"
"5427","136.990787","fe80::c30c:0:0:b","fe80::c30c:0:0:1","ICMPv6","76","RPL Control (Destination Advertisement Object)"
"5428","136.994112","fe80::c30c:0:0:b","fe80::c30c:0:0:1","ICMPv6","76","RPL Control (Destination Advertisement Object)"
"5429","136.997408","fe80::c30c:0:0:b","fe80::c30c:0:0:1","ICMPv6","76","RPL Control (Destination Advertisement Object)"
"5430","137.000735","fe80::c30c:0:0:b","fe80::c30c:0:0:1","ICMPv6","76","RPL Control (Destination Advertisement Object)"
"5431","137.004062","fe80::c30c:0:0:b","fe80::c30c:0:0:1","ICMPv6","76","RPL Control (Destination Advertisement Object)"
"5432","137.007387","fe80::c30c:0:0:b","fe80::c30c:0:0:1","ICMPv6","76","RPL Control (Destination Advertisement Object)"
"5433","137.010228","","","IEEE 802.15.4","5","Ack"
"5434","137.059844","fe80::c30c:0:0:8","ff02::1a","ICMPv6","97","RPL Control (DODAG Information Object)"
"5435","137.064181","fe80::c30c:0:0:8","ff02::1a","ICMPv6","97","RPL Control (DODAG Information Object)"
"5436","137.068508","fe80::c30c:0:0:8","ff02::1a","ICMPv6","97","RPL Control (DODAG Information Object)"
"5437","137.072876","fe80::c30c:0:0:8","ff02::1a","ICMPv6","97","RPL Control (DODAG Information Object)"
"5438","137.077203","fe80::c30c:0:0:8","ff02::1a","ICMPv6","97","RPL Control (DODAG Information Object)"
"5439","137.081546","fe80::c30c:0:0:8","ff02::1a","ICMPv6","97","RPL Control (DODAG Information Object)"
"5440","137.085870","fe80::c30c:0:0:8","ff02::1a","ICMPv6","97","RPL Control (DODAG Information Object)"
"5441","137.090214","fe80::c30c:0:0:8","ff02::1a","ICMPv6","97","RPL Control (DODAG Information Object)"
"5442","137.094546","fe80::c30c:0:0:8","ff02::1a","ICMPv6","97","RPL Control (DODAG Information Object)"
"5443","137.098881","fe80::c30c:0:0:8","ff02::1a","ICMPv6","97","RPL Control (DODAG Information Object)"
"5444","137.103204","fe80::c30c:0:0:8","ff02::1a","ICMPv6","97","RPL Control (DODAG Information Object)"
"5445","137.107537","fe80::c30c:0:0:8","ff02::1a","ICMPv6","97","RPL Control (DODAG Information Object)"
"5446","137.111870","fe80::c30c:0:0:8","ff02::1a","ICMPv6","97","RPL Control (DODAG Information Object)"
"5447","137.116215","fe80::c30c:0:0:8","ff02::1a","ICMPv6","97","RPL Control (DODAG Information Object)"
"5448","137.120547","fe80::c30c:0:0:8","ff02::1a","ICMPv6","97","RPL Control (DODAG Information Object)"
"5449","137.124882","fe80::c30c:0:0:8","ff02::1a","ICMPv6","97","RPL Control (DODAG Information Object)"
"5450","137.129214","fe80::c30c:0:0:8","ff02::1a","ICMPv6","97","RPL Control (DODAG Information Object)"
"5451","137.133549","fe80::c30c:0:0:8","ff02::1a","ICMPv6","97","RPL Control (DODAG Information Object)"
"5452","137.137881","fe80::c30c:0:0:8","ff02::1a","ICMPv6","97","RPL Control (DODAG Information Object)"
"5453","137.142205","fe80::c30c:0:0:8","ff02::1a","ICMPv6","97","RPL Control (DODAG Information Object)"
"5454","137.146539","fe80::c30c:0:0:8","ff02::1a","ICMPv6","97","RPL Control (DODAG Information Object)"
"5455","137.150872","fe80::c30c:0:0:8","ff02::1a","ICMPv6","97","RPL Control (DODAG Information Object)"
"5456","137.155216","fe80::c30c:0:0:8","ff02::1a","ICMPv6","97","RPL Control (DODAG Information Object)"
"5457","137.159550","fe80::c30c:0:0:8","ff02::1a","ICMPv6","97","RPL Control (DODAG Information Object)"
"5458","137.163882","fe80::c30c:0:0:8","ff02::1a","ICMPv6","97","RPL Control (DODAG Information Object)"
"5459","137.168215","fe80::c30c:0:0:8","ff02::1a","ICMPv6","97","RPL Control (DODAG Information Object)"
"5460","137.172549","fe80::c30c:0:0:8","ff02::1a","ICMPv6","97","RPL Control (DODAG Information Object)"
"5461","137.176872","fe80::c30c:0:0:8","ff02::1a","ICMPv6","97","RPL Control (DODAG Information Object)"
"5462","137.181217","fe80::c30c:0:0:8","ff02::1a","ICMPv6","97","RPL Control (DODAG Information Object)"
"5463","137.185540","fe80::c30c:0:0:8","ff02::1a","ICMPv6","97","RPL Control (DODAG Information Object)"
"5464","137.875180","fe80::c30c:0:0:9","ff02::1a","ICMPv6","97","RPL Control (DODAG Information Object)"
"5465","137.879517","fe80::c30c:0:0:9","ff02::1a","ICMPv6","97","RPL Control (DODAG Information Object)"
"5466","137.883846","fe80::c30c:0:0:9","ff02::1a","ICMPv6","97","RPL Control (DODAG Information Object)"
"5467","137.888183","fe80::c30c:0:0:9","ff02::1a","ICMPv6","97","RPL Control (DODAG Information Object)"
"5468","137.892516","fe80::c30c:0:0:9","ff02::1a","ICMPv6","97","RPL Control (DODAG Information Object)"
"5469","137.896849","fe80::c30c:0:0:9","ff02::1a","ICMPv6","97","RPL Control (DODAG Information Object)"
"5470","137.901183","fe80::c30c:0:0:9","ff02::1a","ICMPv6","97","RPL Control (DODAG Information Object)"
"5471","137.905508","fe80::c30c:0:0:9","ff02::1a","ICMPv6","97","RPL Control (DODAG Information Object)"
"5472","137.909840","fe80::c30c:0:0:9","ff02::1a","ICMPv6","97","RPL Control (DODAG Information Object)"
"5473","137.914185","fe80::c30c:0:0:9","ff02::1a","ICMPv6","97","RPL Control (DODAG Information Object)"
"5474","137.918518","fe80::c30c:0:0:9","ff02::1a","ICMPv6","97","RPL Control (DODAG Information Object)"
"5475","137.922847","fe80::c30c:0:0:9","ff02::1a","ICMPv6","97","RPL Control (DODAG Information Object)"
"5476","137.927184","fe80::c30c:0:0:9","ff02::1a","ICMPv6","97","RPL Control (DODAG Information Object)"
"5477","137.931519","fe80::c30c:0:0:9","ff02::1a","ICMPv6","97","RPL Control (DODAG Information Object)"
"5478","137.935852","fe80::c30c:0:0:9","ff02::1a","ICMPv6","97","RPL Control (DODAG Information Object)"
"5479","137.940186","fe80::c30c:0:0:9","ff02::1a","ICMPv6","97","RPL Control (DODAG Information Object)"
"5480","137.944508","fe80::c30c:0:0:9","ff02::1a","ICMPv6","97","RPL Control (DODAG Information Object)"
"5481","137.948852","fe80::c30c:0:0:9","ff02::1a","ICMPv6","97","RPL Control (DODAG Information Object)"
"5482","137.953185","fe80::c30c:0:0:9","ff02::1a","ICMPv6","97","RPL Control (DODAG Information Object)"
"5483","137.957508","fe80::c30c:0:0:9","ff02::1a","ICMPv6","97","RPL Control (DODAG Information Object)"
"5484","137.961865","fe80::c30c:0:0:9","ff02::1a","ICMPv6","97","RPL Control (DODAG Information Object)"
"5485","137.966177","fe80::c30c:0:0:9","ff02::1a","ICMPv6","97","RPL Control (DODAG Information Object)"
"5486","137.970520","fe80::c30c:0:0:9","ff02::1a","ICMPv6","97","RPL Control (DODAG Information Object)"
"5487","137.974854","fe80::c30c:0:0:9","ff02::1a","ICMPv6","97","RPL Control (DODAG Information Object)"
"5488","137.979187","fe80::c30c:0:0:9","ff02::1a","ICMPv6","97","RPL Control (DODAG Information Object)"
"5489","137.983519","fe80::c30c:0:0:9","ff02::1a","ICMPv6","97","RPL Control (DODAG Information Object)"
"5490","137.987854","fe80::c30c:0:0:9","ff02::1a","ICMPv6","97","RPL Control (DODAG Information Object)"
"5491","137.992186","fe80::c30c:0:0:9","ff02::1a","ICMPv6","97","RPL Control (DODAG Information Object)"
"5492","137.996521","fe80::c30c:0:0:9","ff02::1a","ICMPv6","97","RPL Control (DODAG Information Object)"
"5493","138.000853","fe80::c30c:0:0:9","ff02::1a","ICMPv6","97","RPL Control (DODAG Information Object)"
"5494","138.035826","fe80::c30c:0:0:9","fe80::c30c:0:0:7","ICMPv6","76","RPL Control (Destination Advertisement Object)"
"5495","138.039139","fe80::c30c:0:0:9","fe80::c30c:0:0:7","ICMPv6","76","RPL Control (Destination Advertisement Object)"
"5496","138.042463","fe80::c30c:0:0:9","fe80::c30c:0:0:7","ICMPv6","76","RPL Control (Destination Advertisement Object)"
"5497","138.045790","fe80::c30c:0:0:9","fe80::c30c:0:0:7","ICMPv6","76","RPL Control (Destination Advertisement Object)"
"5498","138.049118","fe80::c30c:0:0:9","fe80::c30c:0:0:7","ICMPv6","76","RPL Control (Destination Advertisement Object)"
"5499","138.052444","fe80::c30c:0:0:9","fe80::c30c:0:0:7","ICMPv6","76","RPL Control (Destination Advertisement Object)"
"5500","138.055769","fe80::c30c:0:0:9","fe80::c30c:0:0:7","ICMPv6","76","RPL Control (Destination Advertisement Object)"
"5501","138.059097","fe80::c30c:0:0:9","fe80::c30c:0:0:7","ICMPv6","76","RPL Control (Destination Advertisement Object)"
"5502","138.062423","fe80::c30c:0:0:9","fe80::c30c:0:0:7","ICMPv6","76","RPL Control (Destination Advertisement Object)"
"5503","138.065748","fe80::c30c:0:0:9","fe80::c30c:0:0:7","ICMPv6","76","RPL Control (Destination Advertisement Object)"
"5504","138.069044","fe80::c30c:0:0:9","fe80::c30c:0:0:7","ICMPv6","76","RPL Control (Destination Advertisement Object)"
"5505","138.072372","fe80::c30c:0:0:9","fe80::c30c:0:0:7","ICMPv6","76","RPL Control (Destination Advertisement Object)"
"5506","138.075699","fe80::c30c:0:0:9","fe80::c30c:0:0:7","ICMPv6","76","RPL Control (Destination Advertisement Object)"
"5507","138.079061","fe80::c30c:0:0:9","fe80::c30c:0:0:7","ICMPv6","76","RPL Control (Destination Advertisement Object)"
"5508","138.082381","fe80::c30c:0:0:9","fe80::c30c:0:0:7","ICMPv6","76","RPL Control (Destination Advertisement Object)"
"5509","138.085709","fe80::c30c:0:0:9","fe80::c30c:0:0:7","ICMPv6","76","RPL Control (Destination Advertisement Object)"
"5510","138.089034","fe80::c30c:0:0:9","fe80::c30c:0:0:7","ICMPv6","76","RPL Control (Destination Advertisement Object)"
"5511","138.092359","fe80::c30c:0:0:9","fe80::c30c:0:0:7","ICMPv6","76","RPL Control (Destination Advertisement Object)"
"5512","138.095687","fe80::c30c:0:0:9","fe80::c30c:0:0:7","ICMPv6","76","RPL Control (Destination Advertisement Object)"
"5513","138.099014","fe80::c30c:0:0:9","fe80::c30c:0:0:7","ICMPv6","76","RPL Control (Destination Advertisement Object)"
"5514","138.102339","fe80::c30c:0:0:9","fe80::c30c:0:0:7","ICMPv6","76","RPL Control (Destination Advertisement Object)"
"5515","138.105636","fe80::c30c:0:0:9","fe80::c30c:0:0:7","ICMPv6","76","RPL Control (Destination Advertisement Object)"
"5516","138.108961","fe80::c30c:0:0:9","fe80::c30c:0:0:7","ICMPv6","76","RPL Control (Destination Advertisement Object)"
"5517","138.112289","fe80::c30c:0:0:9","fe80::c30c:0:0:7","ICMPv6","76","RPL Control (Destination Advertisement Object)"
"5518","138.115615","fe80::c30c:0:0:9","fe80::c30c:0:0:7","ICMPv6","76","RPL Control (Destination Advertisement Object)"
"5519","138.118941","fe80::c30c:0:0:9","fe80::c30c:0:0:7","ICMPv6","76","RPL Control (Destination Advertisement Object)"
"5520","138.122268","fe80::c30c:0:0:9","fe80::c30c:0:0:7","ICMPv6","76","RPL Control (Destination Advertisement Object)"
"5521","138.125593","fe80::c30c:0:0:9","fe80::c30c:0:0:7","ICMPv6","76","RPL Control (Destination Advertisement Object)"
"5522","138.128890","fe80::c30c:0:0:9","fe80::c30c:0:0:7","ICMPv6","76","RPL Control (Destination Advertisement Object)"
"5523","138.132215","fe80::c30c:0:0:9","fe80::c30c:0:0:7","ICMPv6","76","RPL Control (Destination Advertisement Object)"
"5524","138.135543","fe80::c30c:0:0:9","fe80::c30c:0:0:7","ICMPv6","76","RPL Control (Destination Advertisement Object)"
"5525","138.137306","fe80::c30c:0:0:a","ff02::1a","ICMPv6","97","RPL Control (DODAG Information Object)"
"5526","138.138870","fe80::c30c:0:0:9","fe80::c30c:0:0:7","ICMPv6","76","RPL Control (Destination Advertisement Object)"
"5527","138.142195","fe80::c30c:0:0:9","fe80::c30c:0:0:7","ICMPv6","76","RPL Control (Destination Advertisement Object)"
"5528","138.141643","fe80::c30c:0:0:a","ff02::1a","ICMPv6","97","RPL Control (DODAG Information Object)"
"5529","138.145523","fe80::c30c:0:0:9","fe80::c30c:0:0:7","ICMPv6","76","RPL Control (Destination Advertisement Object)"
"5530","138.145970","fe80::c30c:0:0:a","ff02::1a","ICMPv6","97","RPL Control (DODAG Information Object)"
"5531","138.148849","fe80::c30c:0:0:9","fe80::c30c:0:0:7","ICMPv6","76","RPL Control (Destination Advertisement Object)"
"5532","138.150309","fe80::c30c:0:0:a","ff02::1a","ICMPv6","97","RPL Control (DODAG Information Object)"
"5533","138.152176","fe80::c30c:0:0:9","fe80::c30c:0:0:7","ICMPv6","76","RPL Control (Destination Advertisement Object)"
"5534","138.154644","fe80::c30c:0:0:a","ff02::1a","ICMPv6","97","RPL Control (DODAG Information Object)"
"5535","138.155502","fe80::c30c:0:0:9","fe80::c30c:0:0:7","ICMPv6","76","RPL Control (Destination Advertisement Object)"
"5536","138.158828","fe80::c30c:0:0:9","fe80::c30c:0:0:7","ICMPv6","76","RPL Control (Destination Advertisement Object)"
"5537","138.158966","fe80::c30c:0:0:a","ff02::1a","ICMPv6","97","RPL Control (DODAG Information Object)"
"5538","138.162153","fe80::c30c:0:0:9","fe80::c30c:0:0:7","ICMPv6","76","RPL Control (Destination Advertisement Object)"
"5539","138.163310","fe80::c30c:0:0:a","ff02::1a","ICMPv6","97","RPL Control (DODAG Information Object)"
"5540","138.167643","fe80::c30c:0:0:a","ff02::1a","ICMPv6","97","RPL Control (DODAG Information Object)"
"5541","138.172485","fe80::c30c:0:0:9","fe80::c30c:0:0:7","ICMPv6","76","RPL Control (Destination Advertisement Object)"
"5542","138.171978","fe80::c30c:0:0:a","ff02::1a","ICMPv6","97","RPL Control (DODAG Information Object)"
"5543","138.175796","fe80::c30c:0:0:9","fe80::c30c:0:0:7","ICMPv6","76","RPL Control (Destination Advertisement Object)"
"5544","138.176310","fe80::c30c:0:0:a","ff02::1a","ICMPv6","97","RPL Control (DODAG Information Object)"
"5545","138.179121","fe80::c30c:0:0:9","fe80::c30c:0:0:7","ICMPv6","76","RPL Control (Destination Advertisement Object)"
"5546","138.180643","fe80::c30c:0:0:a","ff02::1a","ICMPv6","97","RPL Control (DODAG Information Object)"
"5547","138.182448","fe80::c30c:0:0:9","fe80::c30c:0:0:7","ICMPv6","76","RPL Control (Destination Advertisement Object)"
"5548","138.184968","fe80::c30c:0:0:a","ff02::1a","ICMPv6","97","RPL Control (DODAG Information Object)"
"5549","138.185775","fe80::c30c:0:0:9","fe80::c30c:0:0:7","ICMPv6","76","RPL Control (Destination Advertisement Object)"
"5550","138.189102","fe80::c30c:0:0:9","fe80::c30c:0:0:7","ICMPv6","76","RPL Control (Destination Advertisement Object)"
"5551","138.189310","fe80::c30c:0:0:a","ff02::1a","ICMPv6","97","RPL Control (DODAG Information Object)"
"5552","138.192428","fe80::c30c:0:0:9","fe80::c30c:0:0:7","ICMPv6","76","RPL Control (Destination Advertisement Object)"
"5553","138.193644","fe80::c30c:0:0:a","ff02::1a","ICMPv6","97","RPL Control (DODAG Information Object)"
"5554","138.195754","fe80::c30c:0:0:9","fe80::c30c:0:0:7","ICMPv6","76","RPL Control (Destination Advertisement Object)"
"5555","138.197977","fe80::c30c:0:0:a","ff02::1a","ICMPv6","97","RPL Control (DODAG Information Object)"
"5556","138.199080","fe80::c30c:0:0:9","fe80::c30c:0:0:7","ICMPv6","76","RPL Control (Destination Advertisement Object)"
"5557","138.202407","fe80::c30c:0:0:9","fe80::c30c:0:0:7","ICMPv6","76","RPL Control (Destination Advertisement Object)"
"5558","138.202312","fe80::c30c:0:0:a","ff02::1a","ICMPv6","97","RPL Control (DODAG Information Object)"
"5559","138.205734","fe80::c30c:0:0:9","fe80::c30c:0:0:7","ICMPv6","76","RPL Control (Destination Advertisement Object)"
"5560","138.206644","fe80::c30c:0:0:a","ff02::1a","ICMPv6","97","RPL Control (DODAG Information Object)"
"5561","138.209059","fe80::c30c:0:0:9","fe80::c30c:0:0:7","ICMPv6","76","RPL Control (Destination Advertisement Object)"
"5562","138.210979","fe80::c30c:0:0:a","ff02::1a","ICMPv6","97","RPL Control (DODAG Information Object)"
"5563","138.212387","fe80::c30c:0:0:9","fe80::c30c:0:0:7","ICMPv6","76","RPL Control (Destination Advertisement Object)"
"5564","138.215713","fe80::c30c:0:0:9","fe80::c30c:0:0:7","ICMPv6","76","RPL Control (Destination Advertisement Object)"
"5565","138.215311","fe80::c30c:0:0:a","ff02::1a","ICMPv6","97","RPL Control (DODAG Information Object)"
"5566","138.219038","fe80::c30c:0:0:9","fe80::c30c:0:0:7","ICMPv6","76","RPL Control (Destination Advertisement Object)"
"5567","138.219635","fe80::c30c:0:0:a","ff02::1a","ICMPv6","97","RPL Control (DODAG Information Object)"
"5568","138.222366","fe80::c30c:0:0:9","fe80::c30c:0:0:7","ICMPv6","76","RPL Control (Destination Advertisement Object)"
"5569","138.223969","fe80::c30c:0:0:a","ff02::1a","ICMPv6","97","RPL Control (DODAG Information Object)"
"5570","138.225691","fe80::c30c:0:0:9","fe80::c30c:0:0:7","ICMPv6","76","RPL Control (Destination Advertisement Object)"
"5571","138.228302","fe80::c30c:0:0:a","ff02::1a","ICMPv6","97","RPL Control (DODAG Information Object)"
"5572","138.229018","fe80::c30c:0:0:9","fe80::c30c:0:0:7","ICMPv6","76","RPL Control (Destination Advertisement Object)"
"5573","138.232344","fe80::c30c:0:0:9","fe80::c30c:0:0:7","ICMPv6","76","RPL Control (Destination Advertisement Object)"
"5574","138.232646","fe80::c30c:0:0:a","ff02::1a","ICMPv6","97","RPL Control (DODAG Information Object)"
"5575","138.235671","fe80::c30c:0:0:9","fe80::c30c:0:0:7","ICMPv6","76","RPL Control (Destination Advertisement Object)"
"5576","138.236980","fe80::c30c:0:0:a","ff02::1a","ICMPv6","97","RPL Control (DODAG Information Object)"
"5577","138.238966","fe80::c30c:0:0:9","fe80::c30c:0:0:7","ICMPv6","76","RPL Control (Destination Advertisement Object)"
"5578","138.241314","fe80::c30c:0:0:a","ff02::1a","ICMPv6","97","RPL Control (DODAG Information Object)"
"5579","138.242294","fe80::c30c:0:0:9","fe80::c30c:0:0:7","ICMPv6","76","RPL Control (Destination Advertisement Object)"
"5580","138.245620","fe80::c30c:0:0:9","fe80::c30c:0:0:7","ICMPv6","76","RPL Control (Destination Advertisement Object)"
"5581","138.245646","fe80::c30c:0:0:a","ff02::1a","ICMPv6","97","RPL Control (DODAG Information Object)"
"5582","138.248947","fe80::c30c:0:0:9","fe80::c30c:0:0:7","ICMPv6","76","RPL Control (Destination Advertisement Object)"
"5583","138.249981","fe80::c30c:0:0:a","ff02::1a","ICMPv6","97","RPL Control (DODAG Information Object)"
"5584","138.252273","fe80::c30c:0:0:9","fe80::c30c:0:0:7","ICMPv6","76","RPL Control (Destination Advertisement Object)"
"5585","138.254313","fe80::c30c:0:0:a","ff02::1a","ICMPv6","97","RPL Control (DODAG Information Object)"
"5586","138.255600","fe80::c30c:0:0:9","fe80::c30c:0:0:7","ICMPv6","76","RPL Control (Destination Advertisement Object)"
"5587","138.258925","fe80::c30c:0:0:9","fe80::c30c:0:0:7","ICMPv6","76","RPL Control (Destination Advertisement Object)"
"5588","138.258637","fe80::c30c:0:0:a","ff02::1a","ICMPv6","97","RPL Control (DODAG Information Object)"
"5589","138.262251","fe80::c30c:0:0:9","fe80::c30c:0:0:7","ICMPv6","76","RPL Control (Destination Advertisement Object)"
"5590","138.262992","fe80::c30c:0:0:a","ff02::1a","ICMPv6","97","RPL Control (DODAG Information Object)"
"5591","138.265579","fe80::c30c:0:0:9","fe80::c30c:0:0:7","ICMPv6","76","RPL Control (Destination Advertisement Object)"
"5592","138.268905","fe80::c30c:0:0:9","fe80::c30c:0:0:7","ICMPv6","76","RPL Control (Destination Advertisement Object)"
"5593","138.272230","fe80::c30c:0:0:9","fe80::c30c:0:0:7","ICMPv6","76","RPL Control (Destination Advertisement Object)"
"5594","138.275557","fe80::c30c:0:0:9","fe80::c30c:0:0:7","ICMPv6","76","RPL Control (Destination Advertisement Object)"
"5595","138.278885","fe80::c30c:0:0:9","fe80::c30c:0:0:7","ICMPv6","76","RPL Control (Destination Advertisement Object)"
"5596","138.281726","","","IEEE 802.15.4","5","Ack"
"5597","138.315421","fe80::c30c:0:0:7","fe80::c30c:0:0:3","ICMPv6","76","RPL Control (Destination Advertisement Object)"
"5598","138.318734","fe80::c30c:0:0:7","fe80::c30c:0:0:3","ICMPv6","76","RPL Control (Destination Advertisement Object)"
"5599","138.322062","fe80::c30c:0:0:7","fe80::c30c:0:0:3","ICMPv6","76","RPL Control (Destination Advertisement Object)"
"5600","138.325388","fe80::c30c:0:0:7","fe80::c30c:0:0:3","ICMPv6","76","RPL Control (Destination Advertisement Object)"
"5601","138.328714","fe80::c30c:0:0:7","fe80::c30c:0:0:3","ICMPv6","76","RPL Control (Destination Advertisement Object)"
"5602","138.332039","fe80::c30c:0:0:7","fe80::c30c:0:0:3","ICMPv6","76","RPL Control (Destination Advertisement Object)"
"5603","138.335366","fe80::c30c:0:0:7","fe80::c30c:0:0:3","ICMPv6","76","RPL Control (Destination Advertisement Object)"
"5604","138.338662","fe80::c30c:0:0:7","fe80::c30c:0:0:3","ICMPv6","76","RPL Control (Destination Advertisement Object)"
"5605","138.341990","fe80::c30c:0:0:7","fe80::c30c:0:0:3","ICMPv6","76","RPL Control (Destination Advertisement Object)"
"5606","138.345316","fe80::c30c:0:0:7","fe80::c30c:0:0:3","ICMPv6","76","RPL Control (Destination Advertisement Object)"
"5607","138.348642","fe80::c30c:0:0:7","fe80::c30c:0:0:3","ICMPv6","76","RPL Control (Destination Advertisement Object)"
"5608","138.351969","fe80::c30c:0:0:7","fe80::c30c:0:0:3","ICMPv6","76","RPL Control (Destination Advertisement Object)"
"5609","138.355293","fe80::c30c:0:0:7","fe80::c30c:0:0:3","ICMPv6","76","RPL Control (Destination Advertisement Object)"
"5610","138.358591","fe80::c30c:0:0:7","fe80::c30c:0:0:3","ICMPv6","76","RPL Control (Destination Advertisement Object)"
"5611","138.361917","fe80::c30c:0:0:7","fe80::c30c:0:0:3","ICMPv6","76","RPL Control (Destination Advertisement Object)"
"5612","138.365244","fe80::c30c:0:0:7","fe80::c30c:0:0:3","ICMPv6","76","RPL Control (Destination Advertisement Object)"
"5613","138.368569","fe80::c30c:0:0:7","fe80::c30c:0:0:3","ICMPv6","76","RPL Control (Destination Advertisement Object)"
"5614","138.371897","fe80::c30c:0:0:7","fe80::c30c:0:0:3","ICMPv6","76","RPL Control (Destination Advertisement Object)"
"5615","138.375222","fe80::c30c:0:0:7","fe80::c30c:0:0:3","ICMPv6","76","RPL Control (Destination Advertisement Object)"
"5616","138.378518","fe80::c30c:0:0:7","fe80::c30c:0:0:3","ICMPv6","76","RPL Control (Destination Advertisement Object)"
"5617","138.381846","fe80::c30c:0:0:7","fe80::c30c:0:0:3","ICMPv6","76","RPL Control (Destination Advertisement Object)"
"5618","138.385172","fe80::c30c:0:0:7","fe80::c30c:0:0:3","ICMPv6","76","RPL Control (Destination Advertisement Object)"
"5619","138.388498","fe80::c30c:0:0:7","fe80::c30c:0:0:3","ICMPv6","76","RPL Control (Destination Advertisement Object)"
"5620","138.391823","fe80::c30c:0:0:7","fe80::c30c:0:0:3","ICMPv6","76","RPL Control (Destination Advertisement Object)"
"5621","138.395120","fe80::c30c:0:0:7","fe80::c30c:0:0:3","ICMPv6","76","RPL Control (Destination Advertisement Object)"
"5622","138.398447","fe80::c30c:0:0:7","fe80::c30c:0:0:3","ICMPv6","76","RPL Control (Destination Advertisement Object)"
"5623","138.401773","fe80::c30c:0:0:7","fe80::c30c:0:0:3","ICMPv6","76","RPL Control (Destination Advertisement Object)"
"5624","138.404614","","","IEEE 802.15.4","5","Ack"
"5625","138.438876","fe80::c30c:0:0:3","fe80::c30c:0:0:b","ICMPv6","76","RPL Control (Destination Advertisement Object)"
"5626","138.442221","fe80::c30c:0:0:3","fe80::c30c:0:0:b","ICMPv6","76","RPL Control (Destination Advertisement Object)"
"5627","138.445062","","","IEEE 802.15.4","5","Ack"
"5628","138.479661","fe80::c30c:0:0:b","fe80::c30c:0:0:1","ICMPv6","76","RPL Control (Destination Advertisement Object)"
"5629","138.482974","fe80::c30c:0:0:b","fe80::c30c:0:0:1","ICMPv6","76","RPL Control (Destination Advertisement Object)"
"5630","138.486301","fe80::c30c:0:0:b","fe80::c30c:0:0:1","ICMPv6","76","RPL Control (Destination Advertisement Object)"
"5631","138.489627","fe80::c30c:0:0:b","fe80::c30c:0:0:1","ICMPv6","76","RPL Control (Destination Advertisement Object)"
"5632","138.492954","fe80::c30c:0:0:b","fe80::c30c:0:0:1","ICMPv6","76","RPL Control (Destination Advertisement Object)"
"5633","138.496280","fe80::c30c:0:0:b","fe80::c30c:0:0:1","ICMPv6","76","RPL Control (Destination Advertisement Object)"
"5634","138.499607","fe80::c30c:0:0:b","fe80::c30c:0:0:1","ICMPv6","76","RPL Control (Destination Advertisement Object)"
"5635","138.502933","fe80::c30c:0:0:b","fe80::c30c:0:0:1","ICMPv6","76","RPL Control (Destination Advertisement Object)"
"5636","138.506259","fe80::c30c:0:0:b","fe80::c30c:0:0:1","ICMPv6","76","RPL Control (Destination Advertisement Object)"
"5637","138.509584","fe80::c30c:0:0:b","fe80::c30c:0:0:1","ICMPv6","76","RPL Control (Destination Advertisement Object)"
"5638","138.512425","","","IEEE 802.15.4","5","Ack"
"5639","141.009613","fe80::c30c:0:0:8","fe80::c30c:0:0:9","ICMPv6","76","RPL Control (Destination Advertisement Object)"
"5640","141.012927","fe80::c30c:0:0:8","fe80::c30c:0:0:9","ICMPv6","76","RPL Control (Destination Advertisement Object)"
"5641","141.016253","fe80::c30c:0:0:8","fe80::c30c:0:0:9","ICMPv6","76","RPL Control (Destination Advertisement Object)"
"5642","141.019580","fe80::c30c:0:0:8","fe80::c30c:0:0:9","ICMPv6","76","RPL Control (Destination Advertisement Object)"
"5643","141.022907","fe80::c30c:0:0:8","fe80::c30c:0:0:9","ICMPv6","76","RPL Control (Destination Advertisement Object)"
"5644","141.026233","fe80::c30c:0:0:8","fe80::c30c:0:0:9","ICMPv6","76","RPL Control (Destination Advertisement Object)"
"5645","141.029560","fe80::c30c:0:0:8","fe80::c30c:0:0:9","ICMPv6","76","RPL Control (Destination Advertisement Object)"
"5646","141.032886","fe80::c30c:0:0:8","fe80::c30c:0:0:9","ICMPv6","76","RPL Control (Destination Advertisement Object)"
"5647","141.036212","fe80::c30c:0:0:8","fe80::c30c:0:0:9","ICMPv6","76","RPL Control (Destination Advertisement Object)"
"5648","141.039539","fe80::c30c:0:0:8","fe80::c30c:0:0:9","ICMPv6","76","RPL Control (Destination Advertisement Object)"
"5649","141.042865","fe80::c30c:0:0:8","fe80::c30c:0:0:9","ICMPv6","76","RPL Control (Destination Advertisement Object)"
"5650","141.046191","fe80::c30c:0:0:8","fe80::c30c:0:0:9","ICMPv6","76","RPL Control (Destination Advertisement Object)"
"5651","141.049518","fe80::c30c:0:0:8","fe80::c30c:0:0:9","ICMPv6","76","RPL Control (Destination Advertisement Object)"
"5652","141.052844","fe80::c30c:0:0:8","fe80::c30c:0:0:9","ICMPv6","76","RPL Control (Destination Advertisement Object)"
"5653","141.056170","fe80::c30c:0:0:8","fe80::c30c:0:0:9","ICMPv6","76","RPL Control (Destination Advertisement Object)"
"5654","141.059497","fe80::c30c:0:0:8","fe80::c30c:0:0:9","ICMPv6","76","RPL Control (Destination Advertisement Object)"
"5655","141.062822","fe80::c30c:0:0:8","fe80::c30c:0:0:9","ICMPv6","76","RPL Control (Destination Advertisement Object)"
"5656","141.066120","fe80::c30c:0:0:8","fe80::c30c:0:0:9","ICMPv6","76","RPL Control (Destination Advertisement Object)"
"5657","141.069444","fe80::c30c:0:0:8","fe80::c30c:0:0:9","ICMPv6","76","RPL Control (Destination Advertisement Object)"
"5658","141.072772","fe80::c30c:0:0:8","fe80::c30c:0:0:9","ICMPv6","76","RPL Control (Destination Advertisement Object)"
"5659","141.076142","fe80::c30c:0:0:8","fe80::c30c:0:0:9","ICMPv6","76","RPL Control (Destination Advertisement Object)"
"5660","141.079454","fe80::c30c:0:0:8","fe80::c30c:0:0:9","ICMPv6","76","RPL Control (Destination Advertisement Object)"
"5661","141.082781","fe80::c30c:0:0:8","fe80::c30c:0:0:9","ICMPv6","76","RPL Control (Destination Advertisement Object)"
"5662","141.086108","fe80::c30c:0:0:8","fe80::c30c:0:0:9","ICMPv6","76","RPL Control (Destination Advertisement Object)"
"5663","141.088951","","","IEEE 802.15.4","5","Ack"
"5664","141.123379","fe80::c30c:0:0:9","fe80::c30c:0:0:7","ICMPv6","76","RPL Control (Destination Advertisement Object)"
"5665","141.126694","fe80::c30c:0:0:9","fe80::c30c:0:0:7","ICMPv6","76","RPL Control (Destination Advertisement Object)"
"5666","141.130020","fe80::c30c:0:0:9","fe80::c30c:0:0:7","ICMPv6","76","RPL Control (Destination Advertisement Object)"
"5667","141.133346","fe80::c30c:0:0:9","fe80::c30c:0:0:7","ICMPv6","76","RPL Control (Destination Advertisement Object)"
"5668","141.136672","fe80::c30c:0:0:9","fe80::c30c:0:0:7","ICMPv6","76","RPL Control (Destination Advertisement Object)"
"5669","141.139999","fe80::c30c:0:0:9","fe80::c30c:0:0:7","ICMPv6","76","RPL Control (Destination Advertisement Object)"
"5670","141.143326","fe80::c30c:0:0:9","fe80::c30c:0:0:7","ICMPv6","76","RPL Control (Destination Advertisement Object)"
"5671","141.146650","fe80::c30c:0:0:9","fe80::c30c:0:0:7","ICMPv6","76","RPL Control (Destination Advertisement Object)"
"5672","141.149978","fe80::c30c:0:0:9","fe80::c30c:0:0:7","ICMPv6","76","RPL Control (Destination Advertisement Object)"
"5673","141.153305","fe80::c30c:0:0:9","fe80::c30c:0:0:7","ICMPv6","76","RPL Control (Destination Advertisement Object)"
"5674","141.156146","","","IEEE 802.15.4","5","Ack"
"5675","141.189598","fe80::c30c:0:0:7","fe80::c30c:0:0:3","ICMPv6","76","RPL Control (Destination Advertisement Object)"
"5676","141.192910","fe80::c30c:0:0:7","fe80::c30c:0:0:3","ICMPv6","76","RPL Control (Destination Advertisement Object)"
"5677","141.196238","fe80::c30c:0:0:7","fe80::c30c:0:0:3","ICMPv6","76","RPL Control (Destination Advertisement Object)"
"5678","141.199564","fe80::c30c:0:0:7","fe80::c30c:0:0:3","ICMPv6","76","RPL Control (Destination Advertisement Object)"
"5679","141.202890","fe80::c30c:0:0:7","fe80::c30c:0:0:3","ICMPv6","76","RPL Control (Destination Advertisement Object)"
"5680","141.206217","fe80::c30c:0:0:7","fe80::c30c:0:0:3","ICMPv6","76","RPL Control (Destination Advertisement Object)"
"5681","141.209542","fe80::c30c:0:0:7","fe80::c30c:0:0:3","ICMPv6","76","RPL Control (Destination Advertisement Object)"
"5682","141.212840","fe80::c30c:0:0:7","fe80::c30c:0:0:3","ICMPv6","76","RPL Control (Destination Advertisement Object)"
"5683","141.216166","fe80::c30c:0:0:7","fe80::c30c:0:0:3","ICMPv6","76","RPL Control (Destination Advertisement Object)"
"5684","141.219490","fe80::c30c:0:0:7","fe80::c30c:0:0:3","ICMPv6","76","RPL Control (Destination Advertisement Object)"
"5685","141.222788","fe80::c30c:0:0:7","fe80::c30c:0:0:3","ICMPv6","76","RPL Control (Destination Advertisement Object)"
"5686","141.226114","fe80::c30c:0:0:7","fe80::c30c:0:0:3","ICMPv6","76","RPL Control (Destination Advertisement Object)"
"5687","141.229439","fe80::c30c:0:0:7","fe80::c30c:0:0:3","ICMPv6","76","RPL Control (Destination Advertisement Object)"
"5688","141.232736","fe80::c30c:0:0:7","fe80::c30c:0:0:3","ICMPv6","76","RPL Control (Destination Advertisement Object)"
"5689","141.236063","fe80::c30c:0:0:7","fe80::c30c:0:0:3","ICMPv6","76","RPL Control (Destination Advertisement Object)"
"5690","141.239388","fe80::c30c:0:0:7","fe80::c30c:0:0:3","ICMPv6","76","RPL Control (Destination Advertisement Object)"
"5691","141.242685","fe80::c30c:0:0:7","fe80::c30c:0:0:3","ICMPv6","76","RPL Control (Destination Advertisement Object)"
"5692","141.246012","fe80::c30c:0:0:7","fe80::c30c:0:0:3","ICMPv6","76","RPL Control (Destination Advertisement Object)"
"5693","141.249368","fe80::c30c:0:0:7","fe80::c30c:0:0:3","ICMPv6","76","RPL Control (Destination Advertisement Object)"
"5694","141.252695","fe80::c30c:0:0:7","fe80::c30c:0:0:3","ICMPv6","76","RPL Control (Destination Advertisement Object)"
"5695","141.256020","fe80::c30c:0:0:7","fe80::c30c:0:0:3","ICMPv6","76","RPL Control (Destination Advertisement Object)"
"5696","141.259348","fe80::c30c:0:0:7","fe80::c30c:0:0:3","ICMPv6","76","RPL Control (Destination Advertisement Object)"
"5697","141.262674","fe80::c30c:0:0:7","fe80::c30c:0:0:3","ICMPv6","76","RPL Control (Destination Advertisement Object)"
"5698","141.266001","fe80::c30c:0:0:7","fe80::c30c:0:0:3","ICMPv6","76","RPL Control (Destination Advertisement Object)"
"5699","141.269325","fe80::c30c:0:0:7","fe80::c30c:0:0:3","ICMPv6","76","RPL Control (Destination Advertisement Object)"
"5700","141.272622","fe80::c30c:0:0:7","fe80::c30c:0:0:3","ICMPv6","76","RPL Control (Destination Advertisement Object)"
"5701","141.275918","fe80::c30c:0:0:7","fe80::c30c:0:0:3","ICMPv6","76","RPL Control (Destination Advertisement Object)"
"5702","141.278759","","","IEEE 802.15.4","5","Ack"
"5703","141.312656","fe80::c30c:0:0:3","fe80::c30c:0:0:b","ICMPv6","76","RPL Control (Destination Advertisement Object)"
"5704","141.315969","fe80::c30c:0:0:3","fe80::c30c:0:0:b","ICMPv6","76","RPL Control (Destination Advertisement Object)"
"5705","141.318812","","","IEEE 802.15.4","5","Ack"
"5706","141.353462","fe80::c30c:0:0:b","fe80::c30c:0:0:1","ICMPv6","76","RPL Control (Destination Advertisement Object)"
"5707","141.356784","fe80::c30c:0:0:b","fe80::c30c:0:0:1","ICMPv6","76","RPL Control (Destination Advertisement Object)"
"5708","141.360110","fe80::c30c:0:0:b","fe80::c30c:0:0:1","ICMPv6","76","RPL Control (Destination Advertisement Object)"
"5709","141.363436","fe80::c30c:0:0:b","fe80::c30c:0:0:1","ICMPv6","76","RPL Control (Destination Advertisement Object)"
"5710","141.366764","fe80::c30c:0:0:b","fe80::c30c:0:0:1","ICMPv6","76","RPL Control (Destination Advertisement Object)"
"5711","141.370090","fe80::c30c:0:0:b","fe80::c30c:0:0:1","ICMPv6","76","RPL Control (Destination Advertisement Object)"
"5712","141.373416","fe80::c30c:0:0:b","fe80::c30c:0:0:1","ICMPv6","76","RPL Control (Destination Advertisement Object)"
"5713","141.376743","fe80::c30c:0:0:b","fe80::c30c:0:0:1","ICMPv6","76","RPL Control (Destination Advertisement Object)"
"5714","141.380068","fe80::c30c:0:0:b","fe80::c30c:0:0:1","ICMPv6","76","RPL Control (Destination Advertisement Object)"
"5715","141.383365","fe80::c30c:0:0:b","fe80::c30c:0:0:1","ICMPv6","76","RPL Control (Destination Advertisement Object)"
"5716","141.386206","","","IEEE 802.15.4","5","Ack"
"5717","153.608187","fe80::c30c:0:0:6","fe80::c30c:0:0:9","ICMPv6","102","RPL Control (DODAG Information Object)"
"5718","153.612323","fe80::c30c:0:0:6","fe80::c30c:0:0:9","ICMPv6","102","RPL Control (DODAG Information Object)"
"5719","153.616473","fe80::c30c:0:0:6","fe80::c30c:0:0:9","ICMPv6","102","RPL Control (DODAG Information Object)"
"5720","153.620624","fe80::c30c:0:0:6","fe80::c30c:0:0:9","ICMPv6","102","RPL Control (DODAG Information Object)"
"5721","153.624774","fe80::c30c:0:0:6","fe80::c30c:0:0:9","ICMPv6","102","RPL Control (DODAG Information Object)"
"5722","153.628923","fe80::c30c:0:0:6","fe80::c30c:0:0:9","ICMPv6","102","RPL Control (DODAG Information Object)"
"5723","153.633075","fe80::c30c:0:0:6","fe80::c30c:0:0:9","ICMPv6","102","RPL Control (DODAG Information Object)"
"5724","153.637226","fe80::c30c:0:0:6","fe80::c30c:0:0:9","ICMPv6","102","RPL Control (DODAG Information Object)"
"5725","153.641376","fe80::c30c:0:0:6","fe80::c30c:0:0:9","ICMPv6","102","RPL Control (DODAG Information Object)"
"5726","153.645527","fe80::c30c:0:0:6","fe80::c30c:0:0:9","ICMPv6","102","RPL Control (DODAG Information Object)"
"5727","153.649676","fe80::c30c:0:0:6","fe80::c30c:0:0:9","ICMPv6","102","RPL Control (DODAG Information Object)"
"5728","153.653827","fe80::c30c:0:0:6","fe80::c30c:0:0:9","ICMPv6","102","RPL Control (DODAG Information Object)"
"5729","153.657977","fe80::c30c:0:0:6","fe80::c30c:0:0:9","ICMPv6","102","RPL Control (DODAG Information Object)"
"5730","153.662127","fe80::c30c:0:0:6","fe80::c30c:0:0:9","ICMPv6","102","RPL Control (DODAG Information Object)"
"5731","153.666278","fe80::c30c:0:0:6","fe80::c30c:0:0:9","ICMPv6","102","RPL Control (DODAG Information Object)"
"5732","153.670428","fe80::c30c:0:0:6","fe80::c30c:0:0:9","ICMPv6","102","RPL Control (DODAG Information Object)"
"5733","153.674579","fe80::c30c:0:0:6","fe80::c30c:0:0:9","ICMPv6","102","RPL Control (DODAG Information Object)"
"5734","153.678730","fe80::c30c:0:0:6","fe80::c30c:0:0:9","ICMPv6","102","RPL Control (DODAG Information Object)"
"5735","153.682880","fe80::c30c:0:0:6","fe80::c30c:0:0:9","ICMPv6","102","RPL Control (DODAG Information Object)"
"5736","153.687030","fe80::c30c:0:0:6","fe80::c30c:0:0:9","ICMPv6","102","RPL Control (DODAG Information Object)"
"5737","153.691181","fe80::c30c:0:0:6","fe80::c30c:0:0:9","ICMPv6","102","RPL Control (DODAG Information Object)"
"5738","153.695331","fe80::c30c:0:0:6","fe80::c30c:0:0:9","ICMPv6","102","RPL Control (DODAG Information Object)"
"5739","153.699482","fe80::c30c:0:0:6","fe80::c30c:0:0:9","ICMPv6","102","RPL Control (DODAG Information Object)"
"5740","153.703631","fe80::c30c:0:0:6","fe80::c30c:0:0:9","ICMPv6","102","RPL Control (DODAG Information Object)"
"5741","153.707782","fe80::c30c:0:0:6","fe80::c30c:0:0:9","ICMPv6","102","RPL Control (DODAG Information Object)"
"5742","153.711932","fe80::c30c:0:0:6","fe80::c30c:0:0:9","ICMPv6","102","RPL Control (DODAG Information Object)"
"5743","153.715603","","","IEEE 802.15.4","5","Ack"
"5744","168.894987","fe80::c30c:0:0:9","fe80::c30c:0:0:6","ICMPv6","102","RPL Control (DODAG Information Object)"
"5745","168.899124","fe80::c30c:0:0:9","fe80::c30c:0:0:6","ICMPv6","102","RPL Control (DODAG Information Object)"
"5746","168.903274","fe80::c30c:0:0:9","fe80::c30c:0:0:6","ICMPv6","102","RPL Control (DODAG Information Object)"
"5747","168.907424","fe80::c30c:0:0:9","fe80::c30c:0:0:6","ICMPv6","102","RPL Control (DODAG Information Object)"
"5748","168.911574","fe80::c30c:0:0:9","fe80::c30c:0:0:6","ICMPv6","102","RPL Control (DODAG Information Object)"
"5749","168.915724","fe80::c30c:0:0:9","fe80::c30c:0:0:6","ICMPv6","102","RPL Control (DODAG Information Object)"
"5750","168.919874","fe80::c30c:0:0:9","fe80::c30c:0:0:6","ICMPv6","102","RPL Control (DODAG Information Object)"
"5751","168.924025","fe80::c30c:0:0:9","fe80::c30c:0:0:6","ICMPv6","102","RPL Control (DODAG Information Object)"
"5752","168.928175","fe80::c30c:0:0:9","fe80::c30c:0:0:6","ICMPv6","102","RPL Control (DODAG Information Object)"
"5753","168.932327","fe80::c30c:0:0:9","fe80::c30c:0:0:6","ICMPv6","102","RPL Control (DODAG Information Object)"
"5754","168.936477","fe80::c30c:0:0:9","fe80::c30c:0:0:6","ICMPv6","102","RPL Control (DODAG Information Object)"
"5755","168.940628","fe80::c30c:0:0:9","fe80::c30c:0:0:6","ICMPv6","102","RPL Control (DODAG Information Object)"
"5756","168.944778","fe80::c30c:0:0:9","fe80::c30c:0:0:6","ICMPv6","102","RPL Control (DODAG Information Object)"
"5757","168.948929","fe80::c30c:0:0:9","fe80::c30c:0:0:6","ICMPv6","102","RPL Control (DODAG Information Object)"
"5758","168.953079","fe80::c30c:0:0:9","fe80::c30c:0:0:6","ICMPv6","102","RPL Control (DODAG Information Object)"
"5759","168.957228","fe80::c30c:0:0:9","fe80::c30c:0:0:6","ICMPv6","102","RPL Control (DODAG Information Object)"
"5760","168.961380","fe80::c30c:0:0:9","fe80::c30c:0:0:6","ICMPv6","102","RPL Control (DODAG Information Object)"
"5761","168.965528","fe80::c30c:0:0:9","fe80::c30c:0:0:6","ICMPv6","102","RPL Control (DODAG Information Object)"
"5762","168.969722","fe80::c30c:0:0:9","fe80::c30c:0:0:6","ICMPv6","102","RPL Control (DODAG Information Object)"
"5763","168.973861","fe80::c30c:0:0:9","fe80::c30c:0:0:6","ICMPv6","102","RPL Control (DODAG Information Object)"
"5764","168.978010","fe80::c30c:0:0:9","fe80::c30c:0:0:6","ICMPv6","102","RPL Control (DODAG Information Object)"
"5765","168.982162","fe80::c30c:0:0:9","fe80::c30c:0:0:6","ICMPv6","102","RPL Control (DODAG Information Object)"
"5766","168.986313","fe80::c30c:0:0:9","fe80::c30c:0:0:6","ICMPv6","102","RPL Control (DODAG Information Object)"
"5767","168.990463","fe80::c30c:0:0:9","fe80::c30c:0:0:6","ICMPv6","102","RPL Control (DODAG Information Object)"
"5768","168.994612","fe80::c30c:0:0:9","fe80::c30c:0:0:6","ICMPv6","102","RPL Control (DODAG Information Object)"
"5769","168.998763","fe80::c30c:0:0:9","fe80::c30c:0:0:6","ICMPv6","102","RPL Control (DODAG Information Object)"
"5770","169.002914","fe80::c30c:0:0:9","fe80::c30c:0:0:6","ICMPv6","102","RPL Control (DODAG Information Object)"
"5771","169.006585","","","IEEE 802.15.4","5","Ack"
"5772","173.577841","fe80::c30c:0:0:2","fe80::c30c:0:0:3","ICMPv6","102","RPL Control (DODAG Information Object)"
"5773","173.581978","fe80::c30c:0:0:2","fe80::c30c:0:0:3","ICMPv6","102","RPL Control (DODAG Information Object)"
"5774","173.586129","fe80::c30c:0:0:2","fe80::c30c:0:0:3","ICMPv6","102","RPL Control (DODAG Information Object)"
"5775","173.590280","fe80::c30c:0:0:2","fe80::c30c:0:0:3","ICMPv6","102","RPL Control (DODAG Information Object)"
"5776","173.594429","fe80::c30c:0:0:2","fe80::c30c:0:0:3","ICMPv6","102","RPL Control (DODAG Information Object)"
"5777","173.598580","fe80::c30c:0:0:2","fe80::c30c:0:0:3","ICMPv6","102","RPL Control (DODAG Information Object)"
"5778","173.602730","fe80::c30c:0:0:2","fe80::c30c:0:0:3","ICMPv6","102","RPL Control (DODAG Information Object)"
"5779","173.606881","fe80::c30c:0:0:2","fe80::c30c:0:0:3","ICMPv6","102","RPL Control (DODAG Information Object)"
"5780","173.611049","fe80::c30c:0:0:2","fe80::c30c:0:0:3","ICMPv6","102","RPL Control (DODAG Information Object)"
"5781","173.615181","fe80::c30c:0:0:2","fe80::c30c:0:0:3","ICMPv6","102","RPL Control (DODAG Information Object)"
"5782","173.619333","fe80::c30c:0:0:2","fe80::c30c:0:0:3","ICMPv6","102","RPL Control (DODAG Information Object)"
"5783","173.623483","fe80::c30c:0:0:2","fe80::c30c:0:0:3","ICMPv6","102","RPL Control (DODAG Information Object)"
"5784","173.627633","fe80::c30c:0:0:2","fe80::c30c:0:0:3","ICMPv6","102","RPL Control (DODAG Information Object)"
"5785","173.631784","fe80::c30c:0:0:2","fe80::c30c:0:0:3","ICMPv6","102","RPL Control (DODAG Information Object)"
"5786","173.635934","fe80::c30c:0:0:2","fe80::c30c:0:0:3","ICMPv6","102","RPL Control (DODAG Information Object)"
"5787","173.640084","fe80::c30c:0:0:2","fe80::c30c:0:0:3","ICMPv6","102","RPL Control (DODAG Information Object)"
"5788","173.644235","fe80::c30c:0:0:2","fe80::c30c:0:0:3","ICMPv6","102","RPL Control (DODAG Information Object)"
"5789","173.648385","fe80::c30c:0:0:2","fe80::c30c:0:0:3","ICMPv6","102","RPL Control (DODAG Information Object)"
"5790","173.652536","fe80::c30c:0:0:2","fe80::c30c:0:0:3","ICMPv6","102","RPL Control (DODAG Information Object)"
"5791","173.656208","","","IEEE 802.15.4","5","Ack"
"5792","206.237857","fe80::c30c:0:0:3","ff02::1a","ICMPv6","97","RPL Control (DODAG Information Object)"
"5793","206.242193","fe80::c30c:0:0:3","ff02::1a","ICMPv6","97","RPL Control (DODAG Information Object)"
"5794","206.246522","fe80::c30c:0:0:3","ff02::1a","ICMPv6","97","RPL Control (DODAG Information Object)"
"5795","206.250851","fe80::c30c:0:0:3","ff02::1a","ICMPv6","97","RPL Control (DODAG Information Object)"
"5796","206.255183","fe80::c30c:0:0:3","ff02::1a","ICMPv6","97","RPL Control (DODAG Information Object)"
"5797","206.259528","fe80::c30c:0:0:3","ff02::1a","ICMPv6","97","RPL Control (DODAG Information Object)"
"5798","206.263861","fe80::c30c:0:0:3","ff02::1a","ICMPv6","97","RPL Control (DODAG Information Object)"
"5799","206.268193","fe80::c30c:0:0:3","ff02::1a","ICMPv6","97","RPL Control (DODAG Information Object)"
"5800","206.272527","fe80::c30c:0:0:3","ff02::1a","ICMPv6","97","RPL Control (DODAG Information Object)"
"5801","206.276861","fe80::c30c:0:0:3","ff02::1a","ICMPv6","97","RPL Control (DODAG Information Object)"
"5802","206.281184","fe80::c30c:0:0:3","ff02::1a","ICMPv6","97","RPL Control (DODAG Information Object)"
"5803","206.285540","fe80::c30c:0:0:3","ff02::1a","ICMPv6","97","RPL Control (DODAG Information Object)"
"5804","206.289852","fe80::c30c:0:0:3","ff02::1a","ICMPv6","97","RPL Control (DODAG Information Object)"
"5805","206.294195","fe80::c30c:0:0:3","ff02::1a","ICMPv6","97","RPL Control (DODAG Information Object)"
"5806","206.298529","fe80::c30c:0:0:3","ff02::1a","ICMPv6","97","RPL Control (DODAG Information Object)"
"5807","206.302863","fe80::c30c:0:0:3","ff02::1a","ICMPv6","97","RPL Control (DODAG Information Object)"
"5808","206.307195","fe80::c30c:0:0:3","ff02::1a","ICMPv6","97","RPL Control (DODAG Information Object)"
"5809","206.311530","fe80::c30c:0:0:3","ff02::1a","ICMPv6","97","RPL Control (DODAG Information Object)"
"5810","206.315862","fe80::c30c:0:0:3","ff02::1a","ICMPv6","97","RPL Control (DODAG Information Object)"
"5811","206.320197","fe80::c30c:0:0:3","ff02::1a","ICMPv6","97","RPL Control (DODAG Information Object)"
"5812","206.324529","fe80::c30c:0:0:3","ff02::1a","ICMPv6","97","RPL Control (DODAG Information Object)"
"5813","206.328864","fe80::c30c:0:0:3","ff02::1a","ICMPv6","97","RPL Control (DODAG Information Object)"
"5814","206.333216","fe80::c30c:0:0:3","ff02::1a","ICMPv6","97","RPL Control (DODAG Information Object)"
"5815","206.337561","fe80::c30c:0:0:3","ff02::1a","ICMPv6","97","RPL Control (DODAG Information Object)"
"5816","206.341894","fe80::c30c:0:0:3","ff02::1a","ICMPv6","97","RPL Control (DODAG Information Object)"
"5817","206.346227","fe80::c30c:0:0:3","ff02::1a","ICMPv6","97","RPL Control (DODAG Information Object)"
"5818","206.350562","fe80::c30c:0:0:3","ff02::1a","ICMPv6","97","RPL Control (DODAG Information Object)"
"5819","206.354884","fe80::c30c:0:0:3","ff02::1a","ICMPv6","97","RPL Control (DODAG Information Object)"
"5820","206.359228","fe80::c30c:0:0:3","ff02::1a","ICMPv6","97","RPL Control (DODAG Information Object)"
"5821","206.363561","fe80::c30c:0:0:3","ff02::1a","ICMPv6","97","RPL Control (DODAG Information Object)"
"5822","207.180687","fe80::c30c:0:0:7","fe80::c30c:0:0:9","ICMPv6","102","RPL Control (DODAG Information Object)"
"5823","207.184824","fe80::c30c:0:0:7","fe80::c30c:0:0:9","ICMPv6","102","RPL Control (DODAG Information Object)"
"5824","207.188975","fe80::c30c:0:0:7","fe80::c30c:0:0:9","ICMPv6","102","RPL Control (DODAG Information Object)"
"5825","207.193125","fe80::c30c:0:0:7","fe80::c30c:0:0:9","ICMPv6","102","RPL Control (DODAG Information Object)"
"5826","207.197275","fe80::c30c:0:0:7","fe80::c30c:0:0:9","ICMPv6","102","RPL Control (DODAG Information Object)"
"5827","207.201425","fe80::c30c:0:0:7","fe80::c30c:0:0:9","ICMPv6","102","RPL Control (DODAG Information Object)"
"5828","207.205576","fe80::c30c:0:0:7","fe80::c30c:0:0:9","ICMPv6","102","RPL Control (DODAG Information Object)"
"5829","207.209726","fe80::c30c:0:0:7","fe80::c30c:0:0:9","ICMPv6","102","RPL Control (DODAG Information Object)"
"5830","207.213399","","","IEEE 802.15.4","5","Ack"
"5831","224.913002","fe80::c30c:0:0:5","ff02::1a","ICMPv6","97","RPL Control (DODAG Information Object)"
"5832","224.917339","fe80::c30c:0:0:5","ff02::1a","ICMPv6","97","RPL Control (DODAG Information Object)"
"5833","224.921670","fe80::c30c:0:0:5","ff02::1a","ICMPv6","97","RPL Control (DODAG Information Object)"
"5834","224.926007","fe80::c30c:0:0:5","ff02::1a","ICMPv6","97","RPL Control (DODAG Information Object)"
"5835","224.930340","fe80::c30c:0:0:5","ff02::1a","ICMPv6","97","RPL Control (DODAG Information Object)"
"5836","224.934674","fe80::c30c:0:0:5","ff02::1a","ICMPv6","97","RPL Control (DODAG Information Object)"
"5837","224.938998","fe80::c30c:0:0:5","ff02::1a","ICMPv6","97","RPL Control (DODAG Information Object)"
"5838","224.943329","fe80::c30c:0:0:5","ff02::1a","ICMPv6","97","RPL Control (DODAG Information Object)"
"5839","224.947674","fe80::c30c:0:0:5","ff02::1a","ICMPv6","97","RPL Control (DODAG Information Object)"
"5840","224.952008","fe80::c30c:0:0:5","ff02::1a","ICMPv6","97","RPL Control (DODAG Information Object)"
"5841","224.956332","fe80::c30c:0:0:5","ff02::1a","ICMPv6","97","RPL Control (DODAG Information Object)"
"5842","224.960686","fe80::c30c:0:0:5","ff02::1a","ICMPv6","97","RPL Control (DODAG Information Object)"
"5843","224.965003","fe80::c30c:0:0:5","ff02::1a","ICMPv6","97","RPL Control (DODAG Information Object)"
"5844","224.969330","fe80::c30c:0:0:5","ff02::1a","ICMPv6","97","RPL Control (DODAG Information Object)"
"5845","224.973675","fe80::c30c:0:0:5","ff02::1a","ICMPv6","97","RPL Control (DODAG Information Object)"
"5846","224.978009","fe80::c30c:0:0:5","ff02::1a","ICMPv6","97","RPL Control (DODAG Information Object)"
"5847","224.982331","fe80::c30c:0:0:5","ff02::1a","ICMPv6","97","RPL Control (DODAG Information Object)"
"5848","224.986675","fe80::c30c:0:0:5","ff02::1a","ICMPv6","97","RPL Control (DODAG Information Object)"
"5849","224.991009","fe80::c30c:0:0:5","ff02::1a","ICMPv6","97","RPL Control (DODAG Information Object)"
"5850","224.995343","fe80::c30c:0:0:5","ff02::1a","ICMPv6","97","RPL Control (DODAG Information Object)"
"5851","224.999667","fe80::c30c:0:0:5","ff02::1a","ICMPv6","97","RPL Control (DODAG Information Object)"
"5852","225.003999","fe80::c30c:0:0:5","ff02::1a","ICMPv6","97","RPL Control (DODAG Information Object)"
"5853","225.008374","fe80::c30c:0:0:5","ff02::1a","ICMPv6","97","RPL Control (DODAG Information Object)"
"5854","225.012706","fe80::c30c:0:0:5","ff02::1a","ICMPv6","97","RPL Control (DODAG Information Object)"
"5855","225.017030","fe80::c30c:0:0:5","ff02::1a","ICMPv6","97","RPL Control (DODAG Information Object)"
"5856","225.021373","fe80::c30c:0:0:5","ff02::1a","ICMPv6","97","RPL Control (DODAG Information Object)"
"5857","225.025696","fe80::c30c:0:0:5","ff02::1a","ICMPv6","97","RPL Control (DODAG Information Object)"
"5858","225.030041","fe80::c30c:0:0:5","ff02::1a","ICMPv6","97","RPL Control (DODAG Information Object)"
"5859","225.034375","fe80::c30c:0:0:5","ff02::1a","ICMPv6","97","RPL Control (DODAG Information Object)"
"5860","225.038707","fe80::c30c:0:0:5","ff02::1a","ICMPv6","97","RPL Control (DODAG Information Object)"
"5861","226.407191","fe80::c30c:0:0:3","fe80::c30c:0:0:2","ICMPv6","102","RPL Control (DODAG Information Object)"
"5862","226.411335","fe80::c30c:0:0:3","fe80::c30c:0:0:2","ICMPv6","102","RPL Control (DODAG Information Object)"
"5863","226.415487","fe80::c30c:0:0:3","fe80::c30c:0:0:2","ICMPv6","102","RPL Control (DODAG Information Object)"
"5864","226.419636","fe80::c30c:0:0:3","fe80::c30c:0:0:2","ICMPv6","102","RPL Control (DODAG Information Object)"
"5865","226.423788","fe80::c30c:0:0:3","fe80::c30c:0:0:2","ICMPv6","102","RPL Control (DODAG Information Object)"
"5866","226.427938","fe80::c30c:0:0:3","fe80::c30c:0:0:2","ICMPv6","102","RPL Control (DODAG Information Object)"
"5867","226.432087","fe80::c30c:0:0:3","fe80::c30c:0:0:2","ICMPv6","102","RPL Control (DODAG Information Object)"
"5868","226.436239","fe80::c30c:0:0:3","fe80::c30c:0:0:2","ICMPv6","102","RPL Control (DODAG Information Object)"
"5869","226.440390","fe80::c30c:0:0:3","fe80::c30c:0:0:2","ICMPv6","102","RPL Control (DODAG Information Object)"
"5870","226.444539","fe80::c30c:0:0:3","fe80::c30c:0:0:2","ICMPv6","102","RPL Control (DODAG Information Object)"
"5871","226.448689","fe80::c30c:0:0:3","fe80::c30c:0:0:2","ICMPv6","102","RPL Control (DODAG Information Object)"
"5872","226.452840","fe80::c30c:0:0:3","fe80::c30c:0:0:2","ICMPv6","102","RPL Control (DODAG Information Object)"
"5873","226.456991","fe80::c30c:0:0:3","fe80::c30c:0:0:2","ICMPv6","102","RPL Control (DODAG Information Object)"
"5874","226.461140","fe80::c30c:0:0:3","fe80::c30c:0:0:2","ICMPv6","102","RPL Control (DODAG Information Object)"
"5875","226.465290","fe80::c30c:0:0:3","fe80::c30c:0:0:2","ICMPv6","102","RPL Control (DODAG Information Object)"
"5876","226.469441","fe80::c30c:0:0:3","fe80::c30c:0:0:2","ICMPv6","102","RPL Control (DODAG Information Object)"
"5877","226.473593","fe80::c30c:0:0:3","fe80::c30c:0:0:2","ICMPv6","102","RPL Control (DODAG Information Object)"
"5878","226.477743","fe80::c30c:0:0:3","fe80::c30c:0:0:2","ICMPv6","102","RPL Control (DODAG Information Object)"
"5879","226.481894","fe80::c30c:0:0:3","fe80::c30c:0:0:2","ICMPv6","102","RPL Control (DODAG Information Object)"
"5880","226.486044","fe80::c30c:0:0:3","fe80::c30c:0:0:2","ICMPv6","102","RPL Control (DODAG Information Object)"
"5881","226.490194","fe80::c30c:0:0:3","fe80::c30c:0:0:2","ICMPv6","102","RPL Control (DODAG Information Object)"
"5882","226.493866","","","IEEE 802.15.4","5","Ack"
"5883","227.113176","fe80::c30c:0:0:4","fe80::c30c:0:0:5","ICMPv6","102","RPL Control (DODAG Information Object)"
"5884","227.117351","fe80::c30c:0:0:4","fe80::c30c:0:0:5","ICMPv6","102","RPL Control (DODAG Information Object)"
"5885","227.121492","fe80::c30c:0:0:4","fe80::c30c:0:0:5","ICMPv6","102","RPL Control (DODAG Information Object)"
"5886","227.125643","fe80::c30c:0:0:4","fe80::c30c:0:0:5","ICMPv6","102","RPL Control (DODAG Information Object)"
"5887","227.129794","fe80::c30c:0:0:4","fe80::c30c:0:0:5","ICMPv6","102","RPL Control (DODAG Information Object)"
"5888","227.133944","fe80::c30c:0:0:4","fe80::c30c:0:0:5","ICMPv6","102","RPL Control (DODAG Information Object)"
"5889","227.138095","fe80::c30c:0:0:4","fe80::c30c:0:0:5","ICMPv6","102","RPL Control (DODAG Information Object)"
"5890","227.142245","fe80::c30c:0:0:4","fe80::c30c:0:0:5","ICMPv6","102","RPL Control (DODAG Information Object)"
"5891","227.146395","fe80::c30c:0:0:4","fe80::c30c:0:0:5","ICMPv6","102","RPL Control (DODAG Information Object)"
"5892","227.150545","fe80::c30c:0:0:4","fe80::c30c:0:0:5","ICMPv6","102","RPL Control (DODAG Information Object)"
"5893","227.154696","fe80::c30c:0:0:4","fe80::c30c:0:0:5","ICMPv6","102","RPL Control (DODAG Information Object)"
"5894","227.158847","fe80::c30c:0:0:4","fe80::c30c:0:0:5","ICMPv6","102","RPL Control (DODAG Information Object)"
"5895","227.162997","fe80::c30c:0:0:4","fe80::c30c:0:0:5","ICMPv6","102","RPL Control (DODAG Information Object)"
"5896","227.167147","fe80::c30c:0:0:4","fe80::c30c:0:0:5","ICMPv6","102","RPL Control (DODAG Information Object)"
"5897","227.171298","fe80::c30c:0:0:4","fe80::c30c:0:0:5","ICMPv6","102","RPL Control (DODAG Information Object)"
"5898","227.175448","fe80::c30c:0:0:4","fe80::c30c:0:0:5","ICMPv6","102","RPL Control (DODAG Information Object)"
"5899","227.179598","fe80::c30c:0:0:4","fe80::c30c:0:0:5","ICMPv6","102","RPL Control (DODAG Information Object)"
"5900","227.183749","fe80::c30c:0:0:4","fe80::c30c:0:0:5","ICMPv6","102","RPL Control (DODAG Information Object)"
"5901","227.187899","fe80::c30c:0:0:4","fe80::c30c:0:0:5","ICMPv6","102","RPL Control (DODAG Information Object)"
"5902","227.192050","fe80::c30c:0:0:4","fe80::c30c:0:0:5","ICMPv6","102","RPL Control (DODAG Information Object)"
"5903","227.196200","fe80::c30c:0:0:4","fe80::c30c:0:0:5","ICMPv6","102","RPL Control (DODAG Information Object)"
"5904","227.200350","fe80::c30c:0:0:4","fe80::c30c:0:0:5","ICMPv6","102","RPL Control (DODAG Information Object)"
"5905","227.204501","fe80::c30c:0:0:4","fe80::c30c:0:0:5","ICMPv6","102","RPL Control (DODAG Information Object)"
"5906","227.208652","fe80::c30c:0:0:4","fe80::c30c:0:0:5","ICMPv6","102","RPL Control (DODAG Information Object)"
"5907","227.212802","fe80::c30c:0:0:4","fe80::c30c:0:0:5","ICMPv6","102","RPL Control (DODAG Information Object)"
"5908","227.216952","fe80::c30c:0:0:4","fe80::c30c:0:0:5","ICMPv6","102","RPL Control (DODAG Information Object)"
"5909","227.220625","","","IEEE 802.15.4","5","Ack"
"5910","232.202499","fe80::c30c:0:0:4","ff02::1a","ICMPv6","97","RPL Control (DODAG Information Object)"
"5911","232.206827","fe80::c30c:0:0:4","ff02::1a","ICMPv6","97","RPL Control (DODAG Information Object)"
"5912","232.211165","fe80::c30c:0:0:4","ff02::1a","ICMPv6","97","RPL Control (DODAG Information Object)"
"5913","232.215494","fe80::c30c:0:0:4","ff02::1a","ICMPv6","97","RPL Control (DODAG Information Object)"
"5914","232.219826","fe80::c30c:0:0:4","ff02::1a","ICMPv6","97","RPL Control (DODAG Information Object)"
"5915","232.224171","fe80::c30c:0:0:4","ff02::1a","ICMPv6","97","RPL Control (DODAG Information Object)"
"5916","232.228504","fe80::c30c:0:0:4","ff02::1a","ICMPv6","97","RPL Control (DODAG Information Object)"
"5917","232.232836","fe80::c30c:0:0:4","ff02::1a","ICMPv6","97","RPL Control (DODAG Information Object)"
"5918","232.237170","fe80::c30c:0:0:4","ff02::1a","ICMPv6","97","RPL Control (DODAG Information Object)"
"5919","232.241495","fe80::c30c:0:0:4","ff02::1a","ICMPv6","97","RPL Control (DODAG Information Object)"
"5920","232.245808","fe80::c30c:0:0:4","ff02::1a","ICMPv6","97","RPL Control (DODAG Information Object)"
"5921","232.250167","fe80::c30c:0:0:4","ff02::1a","ICMPv6","97","RPL Control (DODAG Information Object)"
"5922","232.254504","fe80::c30c:0:0:4","ff02::1a","ICMPv6","97","RPL Control (DODAG Information Object)"
"5923","232.258839","fe80::c30c:0:0:4","ff02::1a","ICMPv6","97","RPL Control (DODAG Information Object)"
"5924","232.263171","fe80::c30c:0:0:4","ff02::1a","ICMPv6","97","RPL Control (DODAG Information Object)"
"5925","232.267495","fe80::c30c:0:0:4","ff02::1a","ICMPv6","97","RPL Control (DODAG Information Object)"
"5926","232.271838","fe80::c30c:0:0:4","ff02::1a","ICMPv6","97","RPL Control (DODAG Information Object)"
"5927","232.276161","fe80::c30c:0:0:4","ff02::1a","ICMPv6","97","RPL Control (DODAG Information Object)"
"5928","232.280505","fe80::c30c:0:0:4","ff02::1a","ICMPv6","97","RPL Control (DODAG Information Object)"
"5929","232.284839","fe80::c30c:0:0:4","ff02::1a","ICMPv6","97","RPL Control (DODAG Information Object)"
"5930","232.289173","fe80::c30c:0:0:4","ff02::1a","ICMPv6","97","RPL Control (DODAG Information Object)"
"5931","232.293497","fe80::c30c:0:0:4","ff02::1a","ICMPv6","97","RPL Control (DODAG Information Object)"
"5932","232.297871","fe80::c30c:0:0:4","ff02::1a","ICMPv6","97","RPL Control (DODAG Information Object)"
"5933","232.302203","fe80::c30c:0:0:4","ff02::1a","ICMPv6","97","RPL Control (DODAG Information Object)"
"5934","232.306538","fe80::c30c:0:0:4","ff02::1a","ICMPv6","97","RPL Control (DODAG Information Object)"
"5935","232.310870","fe80::c30c:0:0:4","ff02::1a","ICMPv6","97","RPL Control (DODAG Information Object)"
"5936","232.315204","fe80::c30c:0:0:4","ff02::1a","ICMPv6","97","RPL Control (DODAG Information Object)"
"5937","232.319538","fe80::c30c:0:0:4","ff02::1a","ICMPv6","97","RPL Control (DODAG Information Object)"
"5938","232.323872","fe80::c30c:0:0:4","ff02::1a","ICMPv6","97","RPL Control (DODAG Information Object)"
"5939","232.328204","fe80::c30c:0:0:4","ff02::1a","ICMPv6","97","RPL Control (DODAG Information Object)"
"5940","237.539180","fe80::c30c:0:0:9","ff02::1a","ICMPv6","97","RPL Control (DODAG Information Object)"
"5941","237.543517","fe80::c30c:0:0:9","ff02::1a","ICMPv6","97","RPL Control (DODAG Information Object)"
"5942","237.547848","fe80::c30c:0:0:9","ff02::1a","ICMPv6","97","RPL Control (DODAG Information Object)"
"5943","237.552185","fe80::c30c:0:0:9","ff02::1a","ICMPv6","97","RPL Control (DODAG Information Object)"
"5944","237.556519","fe80::c30c:0:0:9","ff02::1a","ICMPv6","97","RPL Control (DODAG Information Object)"
"5945","237.560852","fe80::c30c:0:0:9","ff02::1a","ICMPv6","97","RPL Control (DODAG Information Object)"
"5946","237.565186","fe80::c30c:0:0:9","ff02::1a","ICMPv6","97","RPL Control (DODAG Information Object)"
"5947","237.569508","fe80::c30c:0:0:9","ff02::1a","ICMPv6","97","RPL Control (DODAG Information Object)"
"5948","237.573821","fe80::c30c:0:0:9","ff02::1a","ICMPv6","97","RPL Control (DODAG Information Object)"
"5949","237.578154","fe80::c30c:0:0:9","ff02::1a","ICMPv6","97","RPL Control (DODAG Information Object)"
"5950","237.582489","fe80::c30c:0:0:9","ff02::1a","ICMPv6","97","RPL Control (DODAG Information Object)"
"5951","237.586854","fe80::c30c:0:0:9","ff02::1a","ICMPv6","97","RPL Control (DODAG Information Object)"
"5952","237.591186","fe80::c30c:0:0:9","ff02::1a","ICMPv6","97","RPL Control (DODAG Information Object)"
"5953","237.595520","fe80::c30c:0:0:9","ff02::1a","ICMPv6","97","RPL Control (DODAG Information Object)"
"5954","237.599854","fe80::c30c:0:0:9","ff02::1a","ICMPv6","97","RPL Control (DODAG Information Object)"
"5955","237.604187","fe80::c30c:0:0:9","ff02::1a","ICMPv6","97","RPL Control (DODAG Information Object)"
"5956","237.608519","fe80::c30c:0:0:9","ff02::1a","ICMPv6","97","RPL Control (DODAG Information Object)"
"5957","237.612854","fe80::c30c:0:0:9","ff02::1a","ICMPv6","97","RPL Control (DODAG Information Object)"
"5958","237.617186","fe80::c30c:0:0:9","ff02::1a","ICMPv6","97","RPL Control (DODAG Information Object)"
"5959","237.621521","fe80::c30c:0:0:9","ff02::1a","ICMPv6","97","RPL Control (DODAG Information Object)"
"5960","237.625853","fe80::c30c:0:0:9","ff02::1a","ICMPv6","97","RPL Control (DODAG Information Object)"
"5961","237.630187","fe80::c30c:0:0:9","ff02::1a","ICMPv6","97","RPL Control (DODAG Information Object)"
"5962","237.634552","fe80::c30c:0:0:9","ff02::1a","ICMPv6","97","RPL Control (DODAG Information Object)"
"5963","237.638886","fe80::c30c:0:0:9","ff02::1a","ICMPv6","97","RPL Control (DODAG Information Object)"
"5964","237.643218","fe80::c30c:0:0:9","ff02::1a","ICMPv6","97","RPL Control (DODAG Information Object)"
"5965","237.647553","fe80::c30c:0:0:9","ff02::1a","ICMPv6","97","RPL Control (DODAG Information Object)"
"5966","237.651885","fe80::c30c:0:0:9","ff02::1a","ICMPv6","97","RPL Control (DODAG Information Object)"
"5967","237.656218","fe80::c30c:0:0:9","ff02::1a","ICMPv6","97","RPL Control (DODAG Information Object)"
"5968","237.660543","fe80::c30c:0:0:9","ff02::1a","ICMPv6","97","RPL Control (DODAG Information Object)"
"5969","237.664886","fe80::c30c:0:0:9","ff02::1a","ICMPv6","97","RPL Control (DODAG Information Object)"
"5970","239.186867","fe80::c30c:0:0:a","fe80::c30c:0:0:8","ICMPv6","102","RPL Control (DODAG Information Object)"
"5971","239.191004","fe80::c30c:0:0:a","fe80::c30c:0:0:8","ICMPv6","102","RPL Control (DODAG Information Object)"
"5972","239.195154","fe80::c30c:0:0:a","fe80::c30c:0:0:8","ICMPv6","102","RPL Control (DODAG Information Object)"
"5973","239.199306","fe80::c30c:0:0:a","fe80::c30c:0:0:8","ICMPv6","102","RPL Control (DODAG Information Object)"
"5974","239.202975","","","IEEE 802.15.4","5","Ack"
"5975","247.802414","fe80::c30c:0:0:b","ff02::1a","ICMPv6","97","RPL Control (DODAG Information Object)"
"5976","247.806751","fe80::c30c:0:0:b","ff02::1a","ICMPv6","97","RPL Control (DODAG Information Object)"
"5977","247.811081","fe80::c30c:0:0:b","ff02::1a","ICMPv6","97","RPL Control (DODAG Information Object)"
"5978","247.815428","fe80::c30c:0:0:b","ff02::1a","ICMPv6","97","RPL Control (DODAG Information Object)"
"5979","247.819752","fe80::c30c:0:0:b","ff02::1a","ICMPv6","97","RPL Control (DODAG Information Object)"
"5980","247.824085","fe80::c30c:0:0:b","ff02::1a","ICMPv6","97","RPL Control (DODAG Information Object)"
"5981","247.828419","fe80::c30c:0:0:b","ff02::1a","ICMPv6","97","RPL Control (DODAG Information Object)"
"5982","247.832751","fe80::c30c:0:0:b","ff02::1a","ICMPv6","97","RPL Control (DODAG Information Object)"
"5983","247.837084","fe80::c30c:0:0:b","ff02::1a","ICMPv6","97","RPL Control (DODAG Information Object)"
"5984","247.841409","fe80::c30c:0:0:b","ff02::1a","ICMPv6","97","RPL Control (DODAG Information Object)"
"5985","247.845722","fe80::c30c:0:0:b","ff02::1a","ICMPv6","97","RPL Control (DODAG Information Object)"
"5986","247.850087","fe80::c30c:0:0:b","ff02::1a","ICMPv6","97","RPL Control (DODAG Information Object)"
"5987","247.854419","fe80::c30c:0:0:b","ff02::1a","ICMPv6","97","RPL Control (DODAG Information Object)"
"5988","247.858753","fe80::c30c:0:0:b","ff02::1a","ICMPv6","97","RPL Control (DODAG Information Object)"
"5989","247.863087","fe80::c30c:0:0:b","ff02::1a","ICMPv6","97","RPL Control (DODAG Information Object)"
"5990","247.867409","fe80::c30c:0:0:b","ff02::1a","ICMPv6","97","RPL Control (DODAG Information Object)"
"5991","247.871754","fe80::c30c:0:0:b","ff02::1a","ICMPv6","97","RPL Control (DODAG Information Object)"
"5992","247.876086","fe80::c30c:0:0:b","ff02::1a","ICMPv6","97","RPL Control (DODAG Information Object)"
"5993","247.880420","fe80::c30c:0:0:b","ff02::1a","ICMPv6","97","RPL Control (DODAG Information Object)"
"5994","247.884753","fe80::c30c:0:0:b","ff02::1a","ICMPv6","97","RPL Control (DODAG Information Object)"
"5995","247.889088","fe80::c30c:0:0:b","ff02::1a","ICMPv6","97","RPL Control (DODAG Information Object)"
"5996","247.893420","fe80::c30c:0:0:b","ff02::1a","ICMPv6","97","RPL Control (DODAG Information Object)"
"5997","247.897785","fe80::c30c:0:0:b","ff02::1a","ICMPv6","97","RPL Control (DODAG Information Object)"
"5998","247.902119","fe80::c30c:0:0:b","ff02::1a","ICMPv6","97","RPL Control (DODAG Information Object)"
"5999","247.906451","fe80::c30c:0:0:b","ff02::1a","ICMPv6","97","RPL Control (DODAG Information Object)"
"6000","247.910786","fe80::c30c:0:0:b","ff02::1a","ICMPv6","97","RPL Control (DODAG Information Object)"
"6001","247.915118","fe80::c30c:0:0:b","ff02::1a","ICMPv6","97","RPL Control (DODAG Information Object)"
"6002","247.919451","fe80::c30c:0:0:b","ff02::1a","ICMPv6","97","RPL Control (DODAG Information Object)"
"6003","247.923776","fe80::c30c:0:0:b","ff02::1a","ICMPv6","97","RPL Control (DODAG Information Object)"
"6004","247.928119","fe80::c30c:0:0:b","ff02::1a","ICMPv6","97","RPL Control (DODAG Information Object)"
"6005","249.927786","fe80::c30c:0:0:7","ff02::1a","ICMPv6","97","RPL Control (DODAG Information Object)"
"6006","249.932114","fe80::c30c:0:0:7","ff02::1a","ICMPv6","97","RPL Control (DODAG Information Object)"
"6007","249.936447","fe80::c30c:0:0:7","ff02::1a","ICMPv6","97","RPL Control (DODAG Information Object)"
"6008","249.940780","fe80::c30c:0:0:7","ff02::1a","ICMPv6","97","RPL Control (DODAG Information Object)"
"6009","249.945124","fe80::c30c:0:0:7","ff02::1a","ICMPv6","97","RPL Control (DODAG Information Object)"
"6010","249.949458","fe80::c30c:0:0:7","ff02::1a","ICMPv6","97","RPL Control (DODAG Information Object)"
"6011","249.953791","fe80::c30c:0:0:7","ff02::1a","ICMPv6","97","RPL Control (DODAG Information Object)"
"6012","249.958123","fe80::c30c:0:0:7","ff02::1a","ICMPv6","97","RPL Control (DODAG Information Object)"
"6013","249.962458","fe80::c30c:0:0:7","ff02::1a","ICMPv6","97","RPL Control (DODAG Information Object)"
"6014","249.966790","fe80::c30c:0:0:7","ff02::1a","ICMPv6","97","RPL Control (DODAG Information Object)"
"6015","249.971114","fe80::c30c:0:0:7","ff02::1a","ICMPv6","97","RPL Control (DODAG Information Object)"
"6016","249.975469","fe80::c30c:0:0:7","ff02::1a","ICMPv6","97","RPL Control (DODAG Information Object)"
"6017","249.979782","fe80::c30c:0:0:7","ff02::1a","ICMPv6","97","RPL Control (DODAG Information Object)"
"6018","249.984116","fe80::c30c:0:0:7","ff02::1a","ICMPv6","97","RPL Control (DODAG Information Object)"
"6019","249.988458","fe80::c30c:0:0:7","ff02::1a","ICMPv6","97","RPL Control (DODAG Information Object)"
"6020","249.992792","fe80::c30c:0:0:7","ff02::1a","ICMPv6","97","RPL Control (DODAG Information Object)"
"6021","249.997126","fe80::c30c:0:0:7","ff02::1a","ICMPv6","97","RPL Control (DODAG Information Object)"
"6022","250.001460","fe80::c30c:0:0:7","ff02::1a","ICMPv6","97","RPL Control (DODAG Information Object)"
"6023","250.005783","fe80::c30c:0:0:7","ff02::1a","ICMPv6","97","RPL Control (DODAG Information Object)"
"6024","250.010117","fe80::c30c:0:0:7","ff02::1a","ICMPv6","97","RPL Control (DODAG Information Object)"
"6025","250.014459","fe80::c30c:0:0:7","ff02::1a","ICMPv6","97","RPL Control (DODAG Information Object)"
"6026","250.018782","fe80::c30c:0:0:7","ff02::1a","ICMPv6","97","RPL Control (DODAG Information Object)"
"6027","250.023158","fe80::c30c:0:0:7","ff02::1a","ICMPv6","97","RPL Control (DODAG Information Object)"
"6028","250.027490","fe80::c30c:0:0:7","ff02::1a","ICMPv6","97","RPL Control (DODAG Information Object)"
"6029","250.031815","fe80::c30c:0:0:7","ff02::1a","ICMPv6","97","RPL Control (DODAG Information Object)"
"6030","250.036158","fe80::c30c:0:0:7","ff02::1a","ICMPv6","97","RPL Control (DODAG Information Object)"
"6031","250.040480","fe80::c30c:0:0:7","ff02::1a","ICMPv6","97","RPL Control (DODAG Information Object)"
"6032","250.044825","fe80::c30c:0:0:7","ff02::1a","ICMPv6","97","RPL Control (DODAG Information Object)"
"6033","250.049159","fe80::c30c:0:0:7","ff02::1a","ICMPv6","97","RPL Control (DODAG Information Object)"
"6034","250.053492","fe80::c30c:0:0:7","ff02::1a","ICMPv6","97","RPL Control (DODAG Information Object)"
"6035","252.425326","fe80::c30c:0:0:6","ff02::1a","ICMPv6","97","RPL Control (DODAG Information Object)"
"6036","252.429650","fe80::c30c:0:0:6","ff02::1a","ICMPv6","97","RPL Control (DODAG Information Object)"
"6037","252.433990","fe80::c30c:0:0:6","ff02::1a","ICMPv6","97","RPL Control (DODAG Information Object)"
"6038","252.438318","fe80::c30c:0:0:6","ff02::1a","ICMPv6","97","RPL Control (DODAG Information Object)"
"6039","252.442660","fe80::c30c:0:0:6","ff02::1a","ICMPv6","97","RPL Control (DODAG Information Object)"
"6040","252.446995","fe80::c30c:0:0:6","ff02::1a","ICMPv6","97","RPL Control (DODAG Information Object)"
"6041","252.451328","fe80::c30c:0:0:6","ff02::1a","ICMPv6","97","RPL Control (DODAG Information Object)"
"6042","252.455662","fe80::c30c:0:0:6","ff02::1a","ICMPv6","97","RPL Control (DODAG Information Object)"
"6043","252.459994","fe80::c30c:0:0:6","ff02::1a","ICMPv6","97","RPL Control (DODAG Information Object)"
"6044","252.464329","fe80::c30c:0:0:6","ff02::1a","ICMPv6","97","RPL Control (DODAG Information Object)"
"6045","252.468662","fe80::c30c:0:0:6","ff02::1a","ICMPv6","97","RPL Control (DODAG Information Object)"
"6046","252.472991","fe80::c30c:0:0:6","ff02::1a","ICMPv6","97","RPL Control (DODAG Information Object)"
"6047","252.477329","fe80::c30c:0:0:6","ff02::1a","ICMPv6","97","RPL Control (DODAG Information Object)"
"6048","252.481663","fe80::c30c:0:0:6","ff02::1a","ICMPv6","97","RPL Control (DODAG Information Object)"
"6049","252.485987","fe80::c30c:0:0:6","ff02::1a","ICMPv6","97","RPL Control (DODAG Information Object)"
"6050","252.490328","fe80::c30c:0:0:6","ff02::1a","ICMPv6","97","RPL Control (DODAG Information Object)"
"6051","252.494654","fe80::c30c:0:0:6","ff02::1a","ICMPv6","97","RPL Control (DODAG Information Object)"
"6052","252.498985","fe80::c30c:0:0:6","ff02::1a","ICMPv6","97","RPL Control (DODAG Information Object)"
"6053","252.503330","fe80::c30c:0:0:6","ff02::1a","ICMPv6","97","RPL Control (DODAG Information Object)"
"6054","252.507664","fe80::c30c:0:0:6","ff02::1a","ICMPv6","97","RPL Control (DODAG Information Object)"
"6055","252.511995","fe80::c30c:0:0:6","ff02::1a","ICMPv6","97","RPL Control (DODAG Information Object)"
"6056","252.516330","fe80::c30c:0:0:6","ff02::1a","ICMPv6","97","RPL Control (DODAG Information Object)"
"6057","252.520664","fe80::c30c:0:0:6","ff02::1a","ICMPv6","97","RPL Control (DODAG Information Object)"
"6058","252.524996","fe80::c30c:0:0:6","ff02::1a","ICMPv6","97","RPL Control (DODAG Information Object)"
"6059","252.529331","fe80::c30c:0:0:6","ff02::1a","ICMPv6","97","RPL Control (DODAG Information Object)"
"6060","252.533663","fe80::c30c:0:0:6","ff02::1a","ICMPv6","97","RPL Control (DODAG Information Object)"
"6061","252.537998","fe80::c30c:0:0:6","ff02::1a","ICMPv6","97","RPL Control (DODAG Information Object)"
"6062","252.542330","fe80::c30c:0:0:6","ff02::1a","ICMPv6","97","RPL Control (DODAG Information Object)"
"6063","252.546654","fe80::c30c:0:0:6","ff02::1a","ICMPv6","97","RPL Control (DODAG Information Object)"
"6064","252.550988","fe80::c30c:0:0:6","ff02::1a","ICMPv6","97","RPL Control (DODAG Information Object)"
"6065","254.067854","fe80::c30c:0:0:a","ff02::1a","ICMPv6","97","RPL Control (DODAG Information Object)"
"6066","254.072185","fe80::c30c:0:0:a","ff02::1a","ICMPv6","97","RPL Control (DODAG Information Object)"
"6067","254.076517","fe80::c30c:0:0:a","ff02::1a","ICMPv6","97","RPL Control (DODAG Information Object)"
"6068","254.080851","fe80::c30c:0:0:a","ff02::1a","ICMPv6","97","RPL Control (DODAG Information Object)"
"6069","254.085184","fe80::c30c:0:0:a","ff02::1a","ICMPv6","97","RPL Control (DODAG Information Object)"
"6070","254.089510","fe80::c30c:0:0:a","ff02::1a","ICMPv6","97","RPL Control (DODAG Information Object)"
"6071","254.093852","fe80::c30c:0:0:a","ff02::1a","ICMPv6","97","RPL Control (DODAG Information Object)"
"6072","254.098186","fe80::c30c:0:0:a","ff02::1a","ICMPv6","97","RPL Control (DODAG Information Object)"
"6073","254.102519","fe80::c30c:0:0:a","ff02::1a","ICMPv6","97","RPL Control (DODAG Information Object)"
"6074","254.106849","fe80::c30c:0:0:a","ff02::1a","ICMPv6","97","RPL Control (DODAG Information Object)"
"6075","254.111185","fe80::c30c:0:0:a","ff02::1a","ICMPv6","97","RPL Control (DODAG Information Object)"
"6076","254.115519","fe80::c30c:0:0:a","ff02::1a","ICMPv6","97","RPL Control (DODAG Information Object)"
"6077","254.119844","fe80::c30c:0:0:a","ff02::1a","ICMPv6","97","RPL Control (DODAG Information Object)"
"6078","254.124176","fe80::c30c:0:0:a","ff02::1a","ICMPv6","97","RPL Control (DODAG Information Object)"
"6079","254.128521","fe80::c30c:0:0:a","ff02::1a","ICMPv6","97","RPL Control (DODAG Information Object)"
"6080","254.132843","fe80::c30c:0:0:a","ff02::1a","ICMPv6","97","RPL Control (DODAG Information Object)"
"6081","254.137187","fe80::c30c:0:0:a","ff02::1a","ICMPv6","97","RPL Control (DODAG Information Object)"
"6082","254.141520","fe80::c30c:0:0:a","ff02::1a","ICMPv6","97","RPL Control (DODAG Information Object)"
"6083","254.145845","fe80::c30c:0:0:a","ff02::1a","ICMPv6","97","RPL Control (DODAG Information Object)"
"6084","254.150177","fe80::c30c:0:0:a","ff02::1a","ICMPv6","97","RPL Control (DODAG Information Object)"
"6085","254.154521","fe80::c30c:0:0:a","ff02::1a","ICMPv6","97","RPL Control (DODAG Information Object)"
"6086","254.158855","fe80::c30c:0:0:a","ff02::1a","ICMPv6","97","RPL Control (DODAG Information Object)"
"6087","254.163189","fe80::c30c:0:0:a","ff02::1a","ICMPv6","97","RPL Control (DODAG Information Object)"
"6088","254.167511","fe80::c30c:0:0:a","ff02::1a","ICMPv6","97","RPL Control (DODAG Information Object)"
"6089","254.171855","fe80::c30c:0:0:a","ff02::1a","ICMPv6","97","RPL Control (DODAG Information Object)"
"6090","254.176188","fe80::c30c:0:0:a","ff02::1a","ICMPv6","97","RPL Control (DODAG Information Object)"
"6091","254.180511","fe80::c30c:0:0:a","ff02::1a","ICMPv6","97","RPL Control (DODAG Information Object)"
"6092","254.184868","fe80::c30c:0:0:a","ff02::1a","ICMPv6","97","RPL Control (DODAG Information Object)"
"6093","254.189180","fe80::c30c:0:0:a","ff02::1a","ICMPv6","97","RPL Control (DODAG Information Object)"
"6094","254.193523","fe80::c30c:0:0:a","ff02::1a","ICMPv6","97","RPL Control (DODAG Information Object)"
"6095","254.252762","fe80::c30c:0:0:b","fe80::c30c:0:0:4","ICMPv6","102","RPL Control (DODAG Information Object)"
"6096","254.256899","fe80::c30c:0:0:b","fe80::c30c:0:0:4","ICMPv6","102","RPL Control (DODAG Information Object)"
"6097","254.261051","fe80::c30c:0:0:b","fe80::c30c:0:0:4","ICMPv6","102","RPL Control (DODAG Information Object)"
"6098","254.265201","fe80::c30c:0:0:b","fe80::c30c:0:0:4","ICMPv6","102","RPL Control (DODAG Information Object)"
"6099","254.269352","fe80::c30c:0:0:b","fe80::c30c:0:0:4","ICMPv6","102","RPL Control (DODAG Information Object)"
"6100","254.273501","fe80::c30c:0:0:b","fe80::c30c:0:0:4","ICMPv6","102","RPL Control (DODAG Information Object)"
"6101","254.277651","fe80::c30c:0:0:b","fe80::c30c:0:0:4","ICMPv6","102","RPL Control (DODAG Information Object)"
"6102","254.281802","fe80::c30c:0:0:b","fe80::c30c:0:0:4","ICMPv6","102","RPL Control (DODAG Information Object)"
"6103","254.285953","fe80::c30c:0:0:b","fe80::c30c:0:0:4","ICMPv6","102","RPL Control (DODAG Information Object)"
"6104","254.290104","fe80::c30c:0:0:b","fe80::c30c:0:0:4","ICMPv6","102","RPL Control (DODAG Information Object)"
"6105","254.294254","fe80::c30c:0:0:b","fe80::c30c:0:0:4","ICMPv6","102","RPL Control (DODAG Information Object)"
"6106","254.298403","fe80::c30c:0:0:b","fe80::c30c:0:0:4","ICMPv6","102","RPL Control (DODAG Information Object)"
"6107","254.302554","fe80::c30c:0:0:b","fe80::c30c:0:0:4","ICMPv6","102","RPL Control (DODAG Information Object)"
"6108","254.306705","fe80::c30c:0:0:b","fe80::c30c:0:0:4","ICMPv6","102","RPL Control (DODAG Information Object)"
"6109","254.310856","fe80::c30c:0:0:b","fe80::c30c:0:0:4","ICMPv6","102","RPL Control (DODAG Information Object)"
"6110","254.315006","fe80::c30c:0:0:b","fe80::c30c:0:0:4","ICMPv6","102","RPL Control (DODAG Information Object)"
"6111","254.319156","fe80::c30c:0:0:b","fe80::c30c:0:0:4","ICMPv6","102","RPL Control (DODAG Information Object)"
"6112","254.323306","fe80::c30c:0:0:b","fe80::c30c:0:0:4","ICMPv6","102","RPL Control (DODAG Information Object)"
"6113","254.327455","fe80::c30c:0:0:b","fe80::c30c:0:0:4","ICMPv6","102","RPL Control (DODAG Information Object)"
"6114","254.331607","fe80::c30c:0:0:b","fe80::c30c:0:0:4","ICMPv6","102","RPL Control (DODAG Information Object)"
"6115","254.335756","fe80::c30c:0:0:b","fe80::c30c:0:0:4","ICMPv6","102","RPL Control (DODAG Information Object)"
"6116","254.339908","fe80::c30c:0:0:b","fe80::c30c:0:0:4","ICMPv6","102","RPL Control (DODAG Information Object)"
"6117","254.344058","fe80::c30c:0:0:b","fe80::c30c:0:0:4","ICMPv6","102","RPL Control (DODAG Information Object)"
"6118","254.348209","fe80::c30c:0:0:b","fe80::c30c:0:0:4","ICMPv6","102","RPL Control (DODAG Information Object)"
"6119","254.352359","fe80::c30c:0:0:b","fe80::c30c:0:0:4","ICMPv6","102","RPL Control (DODAG Information Object)"
"6120","254.356031","","","IEEE 802.15.4","5","Ack"
"6121","254.363729","fe80::c30c:0:0:2","ff02::1a","ICMPv6","97","RPL Control (DODAG Information Object)"
"6122","254.368066","fe80::c30c:0:0:2","ff02::1a","ICMPv6","97","RPL Control (DODAG Information Object)"
"6123","254.372390","fe80::c30c:0:0:2","ff02::1a","ICMPv6","97","RPL Control (DODAG Information Object)"
"6124","254.376733","fe80::c30c:0:0:2","ff02::1a","ICMPv6","97","RPL Control (DODAG Information Object)"
"6125","254.376962","fe80::c30c:0:0:1","ff02::1a","ICMPv6","97","RPL Control (DODAG Information Object)"
"6126","254.381066","fe80::c30c:0:0:2","ff02::1a","ICMPv6","97","RPL Control (DODAG Information Object)"
"6127","254.381299","fe80::c30c:0:0:1","ff02::1a","ICMPv6","97","RPL Control (DODAG Information Object)"
"6128","254.385401","fe80::c30c:0:0:2","ff02::1a","ICMPv6","97","RPL Control (DODAG Information Object)"
"6129","254.385629","fe80::c30c:0:0:1","ff02::1a","ICMPv6","97","RPL Control (DODAG Information Object)"
"6130","254.389725","fe80::c30c:0:0:2","ff02::1a","ICMPv6","97","RPL Control (DODAG Information Object)"
"6131","254.389967","fe80::c30c:0:0:1","ff02::1a","ICMPv6","97","RPL Control (DODAG Information Object)"
"6132","254.394067","fe80::c30c:0:0:2","ff02::1a","ICMPv6","97","RPL Control (DODAG Information Object)"
"6133","254.394300","fe80::c30c:0:0:1","ff02::1a","ICMPv6","97","RPL Control (DODAG Information Object)"
"6134","254.398400","fe80::c30c:0:0:2","ff02::1a","ICMPv6","97","RPL Control (DODAG Information Object)"
"6135","254.398633","fe80::c30c:0:0:1","ff02::1a","ICMPv6","97","RPL Control (DODAG Information Object)"
"6136","254.402735","fe80::c30c:0:0:2","ff02::1a","ICMPv6","97","RPL Control (DODAG Information Object)"
"6137","254.402967","fe80::c30c:0:0:1","ff02::1a","ICMPv6","97","RPL Control (DODAG Information Object)"
"6138","254.407067","fe80::c30c:0:0:2","ff02::1a","ICMPv6","97","RPL Control (DODAG Information Object)"
"6139","254.407301","fe80::c30c:0:0:1","ff02::1a","ICMPv6","97","RPL Control (DODAG Information Object)"
"6140","254.411392","fe80::c30c:0:0:2","ff02::1a","ICMPv6","97","RPL Control (DODAG Information Object)"
"6141","254.411634","fe80::c30c:0:0:1","ff02::1a","ICMPv6","97","RPL Control (DODAG Information Object)"
"6142","254.415735","fe80::c30c:0:0:2","ff02::1a","ICMPv6","97","RPL Control (DODAG Information Object)"
"6143","254.415968","fe80::c30c:0:0:1","ff02::1a","ICMPv6","97","RPL Control (DODAG Information Object)"
"6144","254.420068","fe80::c30c:0:0:2","ff02::1a","ICMPv6","97","RPL Control (DODAG Information Object)"
"6145","254.420301","fe80::c30c:0:0:1","ff02::1a","ICMPv6","97","RPL Control (DODAG Information Object)"
"6146","254.424402","fe80::c30c:0:0:2","ff02::1a","ICMPv6","97","RPL Control (DODAG Information Object)"
"6147","254.424667","fe80::c30c:0:0:1","ff02::1a","ICMPv6","97","RPL Control (DODAG Information Object)"
"6148","254.428736","fe80::c30c:0:0:2","ff02::1a","ICMPv6","97","RPL Control (DODAG Information Object)"
"6149","254.428999","fe80::c30c:0:0:1","ff02::1a","ICMPv6","97","RPL Control (DODAG Information Object)"
"6150","254.433058","fe80::c30c:0:0:2","ff02::1a","ICMPv6","97","RPL Control (DODAG Information Object)"
"6151","254.433332","fe80::c30c:0:0:1","ff02::1a","ICMPv6","97","RPL Control (DODAG Information Object)"
"6152","254.437401","fe80::c30c:0:0:2","ff02::1a","ICMPv6","97","RPL Control (DODAG Information Object)"
"6153","254.437666","fe80::c30c:0:0:1","ff02::1a","ICMPv6","97","RPL Control (DODAG Information Object)"
"6154","254.441726","fe80::c30c:0:0:2","ff02::1a","ICMPv6","97","RPL Control (DODAG Information Object)"
"6155","254.442000","fe80::c30c:0:0:1","ff02::1a","ICMPv6","97","RPL Control (DODAG Information Object)"
"6156","254.446060","fe80::c30c:0:0:2","ff02::1a","ICMPv6","97","RPL Control (DODAG Information Object)"
"6157","254.446322","fe80::c30c:0:0:1","ff02::1a","ICMPv6","97","RPL Control (DODAG Information Object)"
"6158","254.450434","fe80::c30c:0:0:2","ff02::1a","ICMPv6","97","RPL Control (DODAG Information Object)"
"6159","254.450666","fe80::c30c:0:0:1","ff02::1a","ICMPv6","97","RPL Control (DODAG Information Object)"
"6160","254.454766","fe80::c30c:0:0:2","ff02::1a","ICMPv6","97","RPL Control (DODAG Information Object)"
"6161","254.455000","fe80::c30c:0:0:1","ff02::1a","ICMPv6","97","RPL Control (DODAG Information Object)"
"6162","254.459101","fe80::c30c:0:0:2","ff02::1a","ICMPv6","97","RPL Control (DODAG Information Object)"
"6163","254.459334","fe80::c30c:0:0:1","ff02::1a","ICMPv6","97","RPL Control (DODAG Information Object)"
"6164","254.463434","fe80::c30c:0:0:2","ff02::1a","ICMPv6","97","RPL Control (DODAG Information Object)"
"6165","254.463658","fe80::c30c:0:0:1","ff02::1a","ICMPv6","97","RPL Control (DODAG Information Object)"
"6166","254.467756","fe80::c30c:0:0:2","ff02::1a","ICMPv6","97","RPL Control (DODAG Information Object)"
"6167","254.467990","fe80::c30c:0:0:1","ff02::1a","ICMPv6","97","RPL Control (DODAG Information Object)"
"6168","254.472101","fe80::c30c:0:0:2","ff02::1a","ICMPv6","97","RPL Control (DODAG Information Object)"
"6169","254.472365","fe80::c30c:0:0:1","ff02::1a","ICMPv6","97","RPL Control (DODAG Information Object)"
"6170","254.476434","fe80::c30c:0:0:2","ff02::1a","ICMPv6","97","RPL Control (DODAG Information Object)"
"6171","254.476697","fe80::c30c:0:0:1","ff02::1a","ICMPv6","97","RPL Control (DODAG Information Object)"
"6172","254.480767","fe80::c30c:0:0:2","ff02::1a","ICMPv6","97","RPL Control (DODAG Information Object)"
"6173","254.481021","fe80::c30c:0:0:1","ff02::1a","ICMPv6","97","RPL Control (DODAG Information Object)"
"6174","254.485101","fe80::c30c:0:0:2","ff02::1a","ICMPv6","97","RPL Control (DODAG Information Object)"
"6175","254.485364","fe80::c30c:0:0:1","ff02::1a","ICMPv6","97","RPL Control (DODAG Information Object)"
"6176","254.489424","fe80::c30c:0:0:2","ff02::1a","ICMPv6","97","RPL Control (DODAG Information Object)"
"6177","254.489688","fe80::c30c:0:0:1","ff02::1a","ICMPv6","97","RPL Control (DODAG Information Object)"
"6178","254.494032","fe80::c30c:0:0:1","ff02::1a","ICMPv6","97","RPL Control (DODAG Information Object)"
"6179","254.498366","fe80::c30c:0:0:1","ff02::1a","ICMPv6","97","RPL Control (DODAG Information Object)"
"6180","254.502698","fe80::c30c:0:0:1","ff02::1a","ICMPv6","97","RPL Control (DODAG Information Object)"
"6181","262.258363","fe80::c30c:0:0:8","fe80::c30c:0:0:a","ICMPv6","102","RPL Control (DODAG Information Object)"
"6182","262.262500","fe80::c30c:0:0:8","fe80::c30c:0:0:a","ICMPv6","102","RPL Control (DODAG Information Object)"
"6183","262.266650","fe80::c30c:0:0:8","fe80::c30c:0:0:a","ICMPv6","102","RPL Control (DODAG Information Object)"
"6184","262.270800","fe80::c30c:0:0:8","fe80::c30c:0:0:a","ICMPv6","102","RPL Control (DODAG Information Object)"
"6185","262.274951","fe80::c30c:0:0:8","fe80::c30c:0:0:a","ICMPv6","102","RPL Control (DODAG Information Object)"
"6186","262.279102","fe80::c30c:0:0:8","fe80::c30c:0:0:a","ICMPv6","102","RPL Control (DODAG Information Object)"
"6187","262.283252","fe80::c30c:0:0:8","fe80::c30c:0:0:a","ICMPv6","102","RPL Control (DODAG Information Object)"
"6188","262.287401","fe80::c30c:0:0:8","fe80::c30c:0:0:a","ICMPv6","102","RPL Control (DODAG Information Object)"
"6189","262.291553","fe80::c30c:0:0:8","fe80::c30c:0:0:a","ICMPv6","102","RPL Control (DODAG Information Object)"
"6190","262.295704","fe80::c30c:0:0:8","fe80::c30c:0:0:a","ICMPv6","102","RPL Control (DODAG Information Object)"
"6191","262.299854","fe80::c30c:0:0:8","fe80::c30c:0:0:a","ICMPv6","102","RPL Control (DODAG Information Object)"
"6192","262.304004","fe80::c30c:0:0:8","fe80::c30c:0:0:a","ICMPv6","102","RPL Control (DODAG Information Object)"
"6193","262.308155","fe80::c30c:0:0:8","fe80::c30c:0:0:a","ICMPv6","102","RPL Control (DODAG Information Object)"
"6194","262.311825","","","IEEE 802.15.4","5","Ack"
"6195","265.019978","fe80::c30c:0:0:9","fe80::c30c:0:0:6","ICMPv6","102","RPL Control (DODAG Information Object)"
"6196","265.024123","fe80::c30c:0:0:9","fe80::c30c:0:0:6","ICMPv6","102","RPL Control (DODAG Information Object)"
"6197","265.028274","fe80::c30c:0:0:9","fe80::c30c:0:0:6","ICMPv6","102","RPL Control (DODAG Information Object)"
"6198","265.032425","fe80::c30c:0:0:9","fe80::c30c:0:0:6","ICMPv6","102","RPL Control (DODAG Information Object)"
"6199","265.036575","fe80::c30c:0:0:9","fe80::c30c:0:0:6","ICMPv6","102","RPL Control (DODAG Information Object)"
"6200","265.040724","fe80::c30c:0:0:9","fe80::c30c:0:0:6","ICMPv6","102","RPL Control (DODAG Information Object)"
"6201","265.044875","fe80::c30c:0:0:9","fe80::c30c:0:0:6","ICMPv6","102","RPL Control (DODAG Information Object)"
"6202","265.049026","fe80::c30c:0:0:9","fe80::c30c:0:0:6","ICMPv6","102","RPL Control (DODAG Information Object)"
"6203","265.053176","fe80::c30c:0:0:9","fe80::c30c:0:0:6","ICMPv6","102","RPL Control (DODAG Information Object)"
"6204","265.057327","fe80::c30c:0:0:9","fe80::c30c:0:0:6","ICMPv6","102","RPL Control (DODAG Information Object)"
"6205","265.061477","fe80::c30c:0:0:9","fe80::c30c:0:0:6","ICMPv6","102","RPL Control (DODAG Information Object)"
"6206","265.065628","fe80::c30c:0:0:9","fe80::c30c:0:0:6","ICMPv6","102","RPL Control (DODAG Information Object)"
"6207","265.069778","fe80::c30c:0:0:9","fe80::c30c:0:0:6","ICMPv6","102","RPL Control (DODAG Information Object)"
"6208","265.073928","fe80::c30c:0:0:9","fe80::c30c:0:0:6","ICMPv6","102","RPL Control (DODAG Information Object)"
"6209","265.078079","fe80::c30c:0:0:9","fe80::c30c:0:0:6","ICMPv6","102","RPL Control (DODAG Information Object)"
"6210","265.082229","fe80::c30c:0:0:9","fe80::c30c:0:0:6","ICMPv6","102","RPL Control (DODAG Information Object)"
"6211","265.086378","fe80::c30c:0:0:9","fe80::c30c:0:0:6","ICMPv6","102","RPL Control (DODAG Information Object)"
"6212","265.090530","fe80::c30c:0:0:9","fe80::c30c:0:0:6","ICMPv6","102","RPL Control (DODAG Information Object)"
"6213","265.094724","fe80::c30c:0:0:9","fe80::c30c:0:0:6","ICMPv6","102","RPL Control (DODAG Information Object)"
"6214","265.098861","fe80::c30c:0:0:9","fe80::c30c:0:0:6","ICMPv6","102","RPL Control (DODAG Information Object)"
"6215","265.103010","fe80::c30c:0:0:9","fe80::c30c:0:0:6","ICMPv6","102","RPL Control (DODAG Information Object)"
"6216","265.107162","fe80::c30c:0:0:9","fe80::c30c:0:0:6","ICMPv6","102","RPL Control (DODAG Information Object)"
"6217","265.111313","fe80::c30c:0:0:9","fe80::c30c:0:0:6","ICMPv6","102","RPL Control (DODAG Information Object)"
"6218","265.115463","fe80::c30c:0:0:9","fe80::c30c:0:0:6","ICMPv6","102","RPL Control (DODAG Information Object)"
"6219","265.119612","fe80::c30c:0:0:9","fe80::c30c:0:0:6","ICMPv6","102","RPL Control (DODAG Information Object)"
"6220","265.123763","fe80::c30c:0:0:9","fe80::c30c:0:0:6","ICMPv6","102","RPL Control (DODAG Information Object)"
"6221","265.127914","fe80::c30c:0:0:9","fe80::c30c:0:0:6","ICMPv6","102","RPL Control (DODAG Information Object)"
"6222","265.131585","","","IEEE 802.15.4","5","Ack"
"6223","265.547890","fe80::c30c:0:0:a","fe80::c30c:0:0:8","ICMPv6","76","RPL Control (Destination Advertisement Object)"
"6224","265.551203","fe80::c30c:0:0:a","fe80::c30c:0:0:8","ICMPv6","76","RPL Control (Destination Advertisement Object)"
"6225","265.554529","fe80::c30c:0:0:a","fe80::c30c:0:0:8","ICMPv6","76","RPL Control (Destination Advertisement Object)"
"6226","265.557855","fe80::c30c:0:0:a","fe80::c30c:0:0:8","ICMPv6","76","RPL Control (Destination Advertisement Object)"
"6227","265.561151","fe80::c30c:0:0:a","fe80::c30c:0:0:8","ICMPv6","76","RPL Control (Destination Advertisement Object)"
"6228","265.564478","fe80::c30c:0:0:a","fe80::c30c:0:0:8","ICMPv6","76","RPL Control (Destination Advertisement Object)"
"6229","265.567806","fe80::c30c:0:0:a","fe80::c30c:0:0:8","ICMPv6","76","RPL Control (Destination Advertisement Object)"
"6230","265.571132","fe80::c30c:0:0:a","fe80::c30c:0:0:8","ICMPv6","76","RPL Control (Destination Advertisement Object)"
"6231","265.574458","fe80::c30c:0:0:a","fe80::c30c:0:0:8","ICMPv6","76","RPL Control (Destination Advertisement Object)"
"6232","265.577300","","","IEEE 802.15.4","5","Ack"
"6233","265.610872","fe80::c30c:0:0:8","fe80::c30c:0:0:9","ICMPv6","76","RPL Control (Destination Advertisement Object)"
"6234","265.614184","fe80::c30c:0:0:8","fe80::c30c:0:0:9","ICMPv6","76","RPL Control (Destination Advertisement Object)"
"6235","265.617510","fe80::c30c:0:0:8","fe80::c30c:0:0:9","ICMPv6","76","RPL Control (Destination Advertisement Object)"
"6236","265.620838","fe80::c30c:0:0:8","fe80::c30c:0:0:9","ICMPv6","76","RPL Control (Destination Advertisement Object)"
"6237","265.624164","fe80::c30c:0:0:8","fe80::c30c:0:0:9","ICMPv6","76","RPL Control (Destination Advertisement Object)"
"6238","265.627490","fe80::c30c:0:0:8","fe80::c30c:0:0:9","ICMPv6","76","RPL Control (Destination Advertisement Object)"
"6239","265.630855","fe80::c30c:0:0:8","fe80::c30c:0:0:9","ICMPv6","76","RPL Control (Destination Advertisement Object)"
"6240","265.634173","fe80::c30c:0:0:8","fe80::c30c:0:0:9","ICMPv6","76","RPL Control (Destination Advertisement Object)"
"6241","265.637500","fe80::c30c:0:0:8","fe80::c30c:0:0:9","ICMPv6","76","RPL Control (Destination Advertisement Object)"
"6242","265.640826","fe80::c30c:0:0:8","fe80::c30c:0:0:9","ICMPv6","76","RPL Control (Destination Advertisement Object)"
"6243","265.644122","fe80::c30c:0:0:8","fe80::c30c:0:0:9","ICMPv6","76","RPL Control (Destination Advertisement Object)"
"6244","265.647449","fe80::c30c:0:0:8","fe80::c30c:0:0:9","ICMPv6","76","RPL Control (Destination Advertisement Object)"
"6245","265.650774","fe80::c30c:0:0:8","fe80::c30c:0:0:9","ICMPv6","76","RPL Control (Destination Advertisement Object)"
"6246","265.654071","fe80::c30c:0:0:8","fe80::c30c:0:0:9","ICMPv6","76","RPL Control (Destination Advertisement Object)"
"6247","265.657398","fe80::c30c:0:0:8","fe80::c30c:0:0:9","ICMPv6","76","RPL Control (Destination Advertisement Object)"
"6248","265.660723","fe80::c30c:0:0:8","fe80::c30c:0:0:9","ICMPv6","76","RPL Control (Destination Advertisement Object)"
"6249","265.664050","fe80::c30c:0:0:8","fe80::c30c:0:0:9","ICMPv6","76","RPL Control (Destination Advertisement Object)"
"6250","265.667376","fe80::c30c:0:0:8","fe80::c30c:0:0:9","ICMPv6","76","RPL Control (Destination Advertisement Object)"
"6251","265.670703","fe80::c30c:0:0:8","fe80::c30c:0:0:9","ICMPv6","76","RPL Control (Destination Advertisement Object)"
"6252","265.674030","fe80::c30c:0:0:8","fe80::c30c:0:0:9","ICMPv6","76","RPL Control (Destination Advertisement Object)"
"6253","265.677356","fe80::c30c:0:0:8","fe80::c30c:0:0:9","ICMPv6","76","RPL Control (Destination Advertisement Object)"
"6254","265.680682","fe80::c30c:0:0:8","fe80::c30c:0:0:9","ICMPv6","76","RPL Control (Destination Advertisement Object)"
"6255","265.684009","fe80::c30c:0:0:8","fe80::c30c:0:0:9","ICMPv6","76","RPL Control (Destination Advertisement Object)"
"6256","265.687336","fe80::c30c:0:0:8","fe80::c30c:0:0:9","ICMPv6","76","RPL Control (Destination Advertisement Object)"
"6257","265.690660","fe80::c30c:0:0:8","fe80::c30c:0:0:9","ICMPv6","76","RPL Control (Destination Advertisement Object)"
"6258","265.693987","fe80::c30c:0:0:8","fe80::c30c:0:0:9","ICMPv6","76","RPL Control (Destination Advertisement Object)"
"6259","265.697315","fe80::c30c:0:0:8","fe80::c30c:0:0:9","ICMPv6","76","RPL Control (Destination Advertisement Object)"
"6260","265.700641","fe80::c30c:0:0:8","fe80::c30c:0:0:9","ICMPv6","76","RPL Control (Destination Advertisement Object)"
"6261","265.703967","fe80::c30c:0:0:8","fe80::c30c:0:0:9","ICMPv6","76","RPL Control (Destination Advertisement Object)"
"6262","265.707292","fe80::c30c:0:0:8","fe80::c30c:0:0:9","ICMPv6","76","RPL Control (Destination Advertisement Object)"
"6263","265.710590","fe80::c30c:0:0:8","fe80::c30c:0:0:9","ICMPv6","76","RPL Control (Destination Advertisement Object)"
"6264","265.713431","","","IEEE 802.15.4","5","Ack"
"6265","265.747953","fe80::c30c:0:0:9","fe80::c30c:0:0:7","ICMPv6","76","RPL Control (Destination Advertisement Object)"
"6266","265.751265","fe80::c30c:0:0:9","fe80::c30c:0:0:7","ICMPv6","76","RPL Control (Destination Advertisement Object)"
"6267","265.754593","fe80::c30c:0:0:9","fe80::c30c:0:0:7","ICMPv6","76","RPL Control (Destination Advertisement Object)"
"6268","265.757917","fe80::c30c:0:0:9","fe80::c30c:0:0:7","ICMPv6","76","RPL Control (Destination Advertisement Object)"
"6269","265.761245","fe80::c30c:0:0:9","fe80::c30c:0:0:7","ICMPv6","76","RPL Control (Destination Advertisement Object)"
"6270","265.764571","fe80::c30c:0:0:9","fe80::c30c:0:0:7","ICMPv6","76","RPL Control (Destination Advertisement Object)"
"6271","265.767897","fe80::c30c:0:0:9","fe80::c30c:0:0:7","ICMPv6","76","RPL Control (Destination Advertisement Object)"
"6272","265.771225","fe80::c30c:0:0:9","fe80::c30c:0:0:7","ICMPv6","76","RPL Control (Destination Advertisement Object)"
"6273","265.774550","fe80::c30c:0:0:9","fe80::c30c:0:0:7","ICMPv6","76","RPL Control (Destination Advertisement Object)"
"6274","265.777876","fe80::c30c:0:0:9","fe80::c30c:0:0:7","ICMPv6","76","RPL Control (Destination Advertisement Object)"
"6275","265.780717","","","IEEE 802.15.4","5","Ack"
"6276","265.814231","fe80::c30c:0:0:7","fe80::c30c:0:0:3","ICMPv6","76","RPL Control (Destination Advertisement Object)"
"6277","265.817544","fe80::c30c:0:0:7","fe80::c30c:0:0:3","ICMPv6","76","RPL Control (Destination Advertisement Object)"
"6278","265.820871","fe80::c30c:0:0:7","fe80::c30c:0:0:3","ICMPv6","76","RPL Control (Destination Advertisement Object)"
"6279","265.824196","fe80::c30c:0:0:7","fe80::c30c:0:0:3","ICMPv6","76","RPL Control (Destination Advertisement Object)"
"6280","265.827523","fe80::c30c:0:0:7","fe80::c30c:0:0:3","ICMPv6","76","RPL Control (Destination Advertisement Object)"
"6281","265.830819","fe80::c30c:0:0:7","fe80::c30c:0:0:3","ICMPv6","76","RPL Control (Destination Advertisement Object)"
"6282","265.834147","fe80::c30c:0:0:7","fe80::c30c:0:0:3","ICMPv6","76","RPL Control (Destination Advertisement Object)"
"6283","265.837473","fe80::c30c:0:0:7","fe80::c30c:0:0:3","ICMPv6","76","RPL Control (Destination Advertisement Object)"
"6284","265.840799","fe80::c30c:0:0:7","fe80::c30c:0:0:3","ICMPv6","76","RPL Control (Destination Advertisement Object)"
"6285","265.844126","fe80::c30c:0:0:7","fe80::c30c:0:0:3","ICMPv6","76","RPL Control (Destination Advertisement Object)"
"6286","265.847450","fe80::c30c:0:0:7","fe80::c30c:0:0:3","ICMPv6","76","RPL Control (Destination Advertisement Object)"
"6287","265.850747","fe80::c30c:0:0:7","fe80::c30c:0:0:3","ICMPv6","76","RPL Control (Destination Advertisement Object)"
"6288","265.854073","fe80::c30c:0:0:7","fe80::c30c:0:0:3","ICMPv6","76","RPL Control (Destination Advertisement Object)"
"6289","265.857401","fe80::c30c:0:0:7","fe80::c30c:0:0:3","ICMPv6","76","RPL Control (Destination Advertisement Object)"
"6290","265.860726","fe80::c30c:0:0:7","fe80::c30c:0:0:3","ICMPv6","76","RPL Control (Destination Advertisement Object)"
"6291","265.864054","fe80::c30c:0:0:7","fe80::c30c:0:0:3","ICMPv6","76","RPL Control (Destination Advertisement Object)"
"6292","265.867380","fe80::c30c:0:0:7","fe80::c30c:0:0:3","ICMPv6","76","RPL Control (Destination Advertisement Object)"
"6293","265.870706","fe80::c30c:0:0:7","fe80::c30c:0:0:3","ICMPv6","76","RPL Control (Destination Advertisement Object)"
"6294","265.874032","fe80::c30c:0:0:7","fe80::c30c:0:0:3","ICMPv6","76","RPL Control (Destination Advertisement Object)"
"6295","265.877358","fe80::c30c:0:0:7","fe80::c30c:0:0:3","ICMPv6","76","RPL Control (Destination Advertisement Object)"
"6296","265.880686","fe80::c30c:0:0:7","fe80::c30c:0:0:3","ICMPv6","76","RPL Control (Destination Advertisement Object)"
"6297","265.884011","fe80::c30c:0:0:7","fe80::c30c:0:0:3","ICMPv6","76","RPL Control (Destination Advertisement Object)"
"6298","265.887308","fe80::c30c:0:0:7","fe80::c30c:0:0:3","ICMPv6","76","RPL Control (Destination Advertisement Object)"
"6299","265.890633","fe80::c30c:0:0:7","fe80::c30c:0:0:3","ICMPv6","76","RPL Control (Destination Advertisement Object)"
"6300","265.893929","fe80::c30c:0:0:7","fe80::c30c:0:0:3","ICMPv6","76","RPL Control (Destination Advertisement Object)"
"6301","265.897257","fe80::c30c:0:0:7","fe80::c30c:0:0:3","ICMPv6","76","RPL Control (Destination Advertisement Object)"
"6302","265.900582","fe80::c30c:0:0:7","fe80::c30c:0:0:3","ICMPv6","76","RPL Control (Destination Advertisement Object)"
"6303","265.903424","","","IEEE 802.15.4","5","Ack"
"6304","265.937168","fe80::c30c:0:0:3","fe80::c30c:0:0:b","ICMPv6","76","RPL Control (Destination Advertisement Object)"
"6305","265.940481","fe80::c30c:0:0:3","fe80::c30c:0:0:b","ICMPv6","76","RPL Control (Destination Advertisement Object)"
"6306","265.943806","fe80::c30c:0:0:3","fe80::c30c:0:0:b","ICMPv6","76","RPL Control (Destination Advertisement Object)"
"6307","265.946647","","","IEEE 802.15.4","5","Ack"
"6308","265.981188","fe80::c30c:0:0:b","fe80::c30c:0:0:1","ICMPv6","76","RPL Control (Destination Advertisement Object)"
"6309","265.984500","fe80::c30c:0:0:b","fe80::c30c:0:0:1","ICMPv6","76","RPL Control (Destination Advertisement Object)"
"6310","265.987826","fe80::c30c:0:0:b","fe80::c30c:0:0:1","ICMPv6","76","RPL Control (Destination Advertisement Object)"
"6311","265.991184","fe80::c30c:0:0:b","fe80::c30c:0:0:1","ICMPv6","76","RPL Control (Destination Advertisement Object)"
"6312","265.994510","fe80::c30c:0:0:b","fe80::c30c:0:0:1","ICMPv6","76","RPL Control (Destination Advertisement Object)"
"6313","265.997835","fe80::c30c:0:0:b","fe80::c30c:0:0:1","ICMPv6","76","RPL Control (Destination Advertisement Object)"
"6314","266.001162","fe80::c30c:0:0:b","fe80::c30c:0:0:1","ICMPv6","76","RPL Control (Destination Advertisement Object)"
"6315","266.004489","fe80::c30c:0:0:b","fe80::c30c:0:0:1","ICMPv6","76","RPL Control (Destination Advertisement Object)"
"6316","266.007815","fe80::c30c:0:0:b","fe80::c30c:0:0:1","ICMPv6","76","RPL Control (Destination Advertisement Object)"
"6317","266.010656","","","IEEE 802.15.4","5","Ack"
"6318","281.872446","fe80::c30c:0:0:8","ff02::1a","ICMPv6","97","RPL Control (DODAG Information Object)"
"6319","281.876764","fe80::c30c:0:0:8","ff02::1a","ICMPv6","97","RPL Control (DODAG Information Object)"
"6320","281.881102","fe80::c30c:0:0:8","ff02::1a","ICMPv6","97","RPL Control (DODAG Information Object)"
"6321","281.885439","fe80::c30c:0:0:8","ff02::1a","ICMPv6","97","RPL Control (DODAG Information Object)"
"6322","281.889773","fe80::c30c:0:0:8","ff02::1a","ICMPv6","97","RPL Control (DODAG Information Object)"
"6323","281.894098","fe80::c30c:0:0:8","ff02::1a","ICMPv6","97","RPL Control (DODAG Information Object)"
"6324","281.898410","fe80::c30c:0:0:8","ff02::1a","ICMPv6","97","RPL Control (DODAG Information Object)"
"6325","281.902744","fe80::c30c:0:0:8","ff02::1a","ICMPv6","97","RPL Control (DODAG Information Object)"
"6326","281.907078","fe80::c30c:0:0:8","ff02::1a","ICMPv6","97","RPL Control (DODAG Information Object)"
"6327","281.911400","fe80::c30c:0:0:8","ff02::1a","ICMPv6","97","RPL Control (DODAG Information Object)"
"6328","281.915744","fe80::c30c:0:0:8","ff02::1a","ICMPv6","97","RPL Control (DODAG Information Object)"
"6329","281.920071","fe80::c30c:0:0:8","ff02::1a","ICMPv6","97","RPL Control (DODAG Information Object)"
"6330","281.924412","fe80::c30c:0:0:8","ff02::1a","ICMPv6","97","RPL Control (DODAG Information Object)"
"6331","281.928745","fe80::c30c:0:0:8","ff02::1a","ICMPv6","97","RPL Control (DODAG Information Object)"
"6332","281.933068","fe80::c30c:0:0:8","ff02::1a","ICMPv6","97","RPL Control (DODAG Information Object)"
"6333","281.937411","fe80::c30c:0:0:8","ff02::1a","ICMPv6","97","RPL Control (DODAG Information Object)"
"6334","281.941746","fe80::c30c:0:0:8","ff02::1a","ICMPv6","97","RPL Control (DODAG Information Object)"
"6335","281.946079","fe80::c30c:0:0:8","ff02::1a","ICMPv6","97","RPL Control (DODAG Information Object)"
"6336","281.950412","fe80::c30c:0:0:8","ff02::1a","ICMPv6","97","RPL Control (DODAG Information Object)"
"6337","281.954745","fe80::c30c:0:0:8","ff02::1a","ICMPv6","97","RPL Control (DODAG Information Object)"
"6338","281.959070","fe80::c30c:0:0:8","ff02::1a","ICMPv6","97","RPL Control (DODAG Information Object)"
"6339","281.963413","fe80::c30c:0:0:8","ff02::1a","ICMPv6","97","RPL Control (DODAG Information Object)"
"6340","281.967737","fe80::c30c:0:0:8","ff02::1a","ICMPv6","97","RPL Control (DODAG Information Object)"
"6341","281.972079","fe80::c30c:0:0:8","ff02::1a","ICMPv6","97","RPL Control (DODAG Information Object)"
"6342","281.976414","fe80::c30c:0:0:8","ff02::1a","ICMPv6","97","RPL Control (DODAG Information Object)"
"6343","281.980738","fe80::c30c:0:0:8","ff02::1a","ICMPv6","97","RPL Control (DODAG Information Object)"
"6344","281.985080","fe80::c30c:0:0:8","ff02::1a","ICMPv6","97","RPL Control (DODAG Information Object)"
"6345","281.989414","fe80::c30c:0:0:8","ff02::1a","ICMPv6","97","RPL Control (DODAG Information Object)"
"6346","281.993748","fe80::c30c:0:0:8","ff02::1a","ICMPv6","97","RPL Control (DODAG Information Object)"
"6347","281.998070","fe80::c30c:0:0:8","ff02::1a","ICMPv6","97","RPL Control (DODAG Information Object)"
"6348","282.983094","fe80::c30c:0:0:6","fe80::c30c:0:0:7","ICMPv6","102","RPL Control (DODAG Information Object)"
"6349","282.987231","fe80::c30c:0:0:6","fe80::c30c:0:0:7","ICMPv6","102","RPL Control (DODAG Information Object)"
"6350","282.991382","fe80::c30c:0:0:6","fe80::c30c:0:0:7","ICMPv6","102","RPL Control (DODAG Information Object)"
"6351","282.995533","fe80::c30c:0:0:6","fe80::c30c:0:0:7","ICMPv6","102","RPL Control (DODAG Information Object)"
"6352","282.999682","fe80::c30c:0:0:6","fe80::c30c:0:0:7","ICMPv6","102","RPL Control (DODAG Information Object)"
"6353","283.003833","fe80::c30c:0:0:6","fe80::c30c:0:0:7","ICMPv6","102","RPL Control (DODAG Information Object)"
"6354","283.007984","fe80::c30c:0:0:6","fe80::c30c:0:0:7","ICMPv6","102","RPL Control (DODAG Information Object)"
"6355","283.012134","fe80::c30c:0:0:6","fe80::c30c:0:0:7","ICMPv6","102","RPL Control (DODAG Information Object)"
"6356","283.016285","fe80::c30c:0:0:6","fe80::c30c:0:0:7","ICMPv6","102","RPL Control (DODAG Information Object)"
"6357","283.020435","fe80::c30c:0:0:6","fe80::c30c:0:0:7","ICMPv6","102","RPL Control (DODAG Information Object)"
"6358","283.024585","fe80::c30c:0:0:6","fe80::c30c:0:0:7","ICMPv6","102","RPL Control (DODAG Information Object)"
"6359","283.028736","fe80::c30c:0:0:6","fe80::c30c:0:0:7","ICMPv6","102","RPL Control (DODAG Information Object)"
"6360","283.032407","","","IEEE 802.15.4","5","Ack"
"6361","287.150260","fe80::c30c:0:0:7","fe80::c30c:0:0:6","ICMPv6","102","RPL Control (DODAG Information Object)"
"6362","287.154397","fe80::c30c:0:0:7","fe80::c30c:0:0:6","ICMPv6","102","RPL Control (DODAG Information Object)"
"6363","287.158548","fe80::c30c:0:0:7","fe80::c30c:0:0:6","ICMPv6","102","RPL Control (DODAG Information Object)"
"6364","287.162698","fe80::c30c:0:0:7","fe80::c30c:0:0:6","ICMPv6","102","RPL Control (DODAG Information Object)"
"6365","287.166848","fe80::c30c:0:0:7","fe80::c30c:0:0:6","ICMPv6","102","RPL Control (DODAG Information Object)"
"6366","287.171000","fe80::c30c:0:0:7","fe80::c30c:0:0:6","ICMPv6","102","RPL Control (DODAG Information Object)"
"6367","287.175150","fe80::c30c:0:0:7","fe80::c30c:0:0:6","ICMPv6","102","RPL Control (DODAG Information Object)"
"6368","287.179300","fe80::c30c:0:0:7","fe80::c30c:0:0:6","ICMPv6","102","RPL Control (DODAG Information Object)"
"6369","287.183451","fe80::c30c:0:0:7","fe80::c30c:0:0:6","ICMPv6","102","RPL Control (DODAG Information Object)"
"6370","287.187600","fe80::c30c:0:0:7","fe80::c30c:0:0:6","ICMPv6","102","RPL Control (DODAG Information Object)"
"6371","287.191751","fe80::c30c:0:0:7","fe80::c30c:0:0:6","ICMPv6","102","RPL Control (DODAG Information Object)"
"6372","287.195901","fe80::c30c:0:0:7","fe80::c30c:0:0:6","ICMPv6","102","RPL Control (DODAG Information Object)"
"6373","287.200051","fe80::c30c:0:0:7","fe80::c30c:0:0:6","ICMPv6","102","RPL Control (DODAG Information Object)"
"6374","287.204202","fe80::c30c:0:0:7","fe80::c30c:0:0:6","ICMPv6","102","RPL Control (DODAG Information Object)"
"6375","287.208352","fe80::c30c:0:0:7","fe80::c30c:0:0:6","ICMPv6","102","RPL Control (DODAG Information Object)"
"6376","287.212504","fe80::c30c:0:0:7","fe80::c30c:0:0:6","ICMPv6","102","RPL Control (DODAG Information Object)"
"6377","287.216654","fe80::c30c:0:0:7","fe80::c30c:0:0:6","ICMPv6","102","RPL Control (DODAG Information Object)"
"6378","287.220804","fe80::c30c:0:0:7","fe80::c30c:0:0:6","ICMPv6","102","RPL Control (DODAG Information Object)"
"6379","287.224955","fe80::c30c:0:0:7","fe80::c30c:0:0:6","ICMPv6","102","RPL Control (DODAG Information Object)"
"6380","287.229105","fe80::c30c:0:0:7","fe80::c30c:0:0:6","ICMPv6","102","RPL Control (DODAG Information Object)"
"6381","287.233299","fe80::c30c:0:0:7","fe80::c30c:0:0:6","ICMPv6","102","RPL Control (DODAG Information Object)"
"6382","287.237435","fe80::c30c:0:0:7","fe80::c30c:0:0:6","ICMPv6","102","RPL Control (DODAG Information Object)"
"6383","287.241587","fe80::c30c:0:0:7","fe80::c30c:0:0:6","ICMPv6","102","RPL Control (DODAG Information Object)"
"6384","287.245737","fe80::c30c:0:0:7","fe80::c30c:0:0:6","ICMPv6","102","RPL Control (DODAG Information Object)"
"6385","287.249887","fe80::c30c:0:0:7","fe80::c30c:0:0:6","ICMPv6","102","RPL Control (DODAG Information Object)"
"6386","287.254037","fe80::c30c:0:0:7","fe80::c30c:0:0:6","ICMPv6","102","RPL Control (DODAG Information Object)"
"6387","287.257708","","","IEEE 802.15.4","5","Ack"
